0,1,0 | 6,22,6 | S= | I=(0,0);(0,1);(2,2);(2,3) | sp= | ip=1,1,1,1 | E=(0,2,0,0) | ep=2
0,1,0 | 6,22,6 | S= | I=(0,0);(0,1);(2,2);(2,3) | sp= | ip=1,1,1,1 | E=(0,2,0,0) | ep=3
0,1,0 | 6,22,6 | S= | I=(0,0);(0,1);(2,2);(2,3) | sp= | ip=1,1,1,1 | E=(0,2,0,0) | ep=5
0,1,0 | 6,22,6 | S= | I=(0,0);(0,1);(2,2);(2,3) | sp= | ip=1,1,1,882 | E=(0,2,0,0) | ep=3
0,1,0 | 6,22,6 | S= | I=(0,0);(0,1);(2,2);(2,3) | sp= | ip=1,1,1,882 | E=(0,2,0,0) | ep=5
0,1,0 | 6,22,6 | S= | I=(0,0);(0,1);(2,2);(2,3) | sp= | ip=1,1,882,1 | E=(0,2,0,0) | ep=3
0,1,0 | 6,22,6 | S= | I=(0,0);(0,1);(2,2);(2,3) | sp= | ip=1,1,882,1 | E=(0,2,0,0) | ep=5
0,1,0 | 6,22,6 | S= | I=(0,0);(0,1);(2,2);(2,3) | sp= | ip=1,882,1,1 | E=(0,2,0,0) | ep=5
0,1,0 | 6,22,6 | S= | I=(0,0);(0,1);(2,2);(2,3) | sp= | ip=882,1,1,1 | E=(0,2,0,0) | ep=5
0,1,0 | 6,33,7 | S= | I=(0,0);(0,1);(2,2);(2,3) | sp= | ip=1,1,1,1 | E=(0,2,0,0) | ep=5
0,1,0 | 6,33,8 | S= | I=(0,0);(0,1);(2,2);(2,3) | sp= | ip=1,1,1,1 | E=(0,2,0,0) | ep=3
0,1,0 | 6,33,8 | S= | I=(0,0);(0,1);(2,2);(2,3) | sp= | ip=1,1,1,1 | E=(0,2,0,0) | ep=5
0,1,0 | 6,33,8 | S= | I=(0,0);(0,1);(2,2);(2,3) | sp= | ip=1,1,1,882 | E=(0,2,0,0) | ep=5
0,1,0 | 6,33,8 | S= | I=(0,0);(0,1);(2,2);(2,3) | sp= | ip=1,1,882,1 | E=(0,2,0,0) | ep=5
0,1,0 | 6,34,8 | S= | I=(0,0);(0,1);(2,2);(2,3) | sp= | ip=1,1,1,1 | E=(0,2,0,0) | ep=5
0,1,0 | 6,35,12 | S= | I=(0,0);(0,1);(2,2);(2,3) | sp= | ip=1,1,1,1 | E=(0,2,0,0) | ep=3
0,1,0 | 6,35,12 | S= | I=(0,0);(0,1);(2,2);(2,3) | sp= | ip=1,1,1,1 | E=(0,2,0,0) | ep=5
0,1,0 | 6,35,12 | S= | I=(0,0);(0,1);(2,2);(2,3) | sp= | ip=1,1,1,882 | E=(0,2,0,0) | ep=3
0,1,0 | 6,35,12 | S= | I=(0,0);(0,1);(2,2);(2,3) | sp= | ip=1,1,1,882 | E=(0,2,0,0) | ep=5
0,1,0 | 6,35,12 | S= | I=(0,0);(0,1);(2,2);(2,3) | sp= | ip=1,1,1,883 | E=(0,2,0,0) | ep=3
0,1,0 | 6,35,12 | S= | I=(0,0);(0,1);(2,2);(2,3) | sp= | ip=1,1,1,883 | E=(0,2,0,0) | ep=5
0,1,0 | 6,35,12 | S= | I=(0,0);(0,1);(2,2);(2,3) | sp= | ip=1,1,882,1 | E=(0,2,0,0) | ep=3
0,1,0 | 6,35,12 | S= | I=(0,0);(0,1);(2,2);(2,3) | sp= | ip=1,1,882,1 | E=(0,2,0,0) | ep=5
0,1,0 | 6,35,12 | S= | I=(0,0);(0,1);(2,2);(2,3) | sp= | ip=1,1,882,882 | E=(0,2,0,0) | ep=3
0,1,0 | 6,35,12 | S= | I=(0,0);(0,1);(2,2);(2,3) | sp= | ip=1,1,882,882 | E=(0,2,0,0) | ep=5
0,1,0 | 6,35,12 | S= | I=(0,0);(0,1);(2,2);(2,3) | sp= | ip=1,1,882,883 | E=(0,2,0,0) | ep=5
0,1,0 | 6,35,12 | S= | I=(0,0);(0,1);(2,2);(2,3) | sp= | ip=1,1,883,1 | E=(0,2,0,0) | ep=3
0,1,0 | 6,35,12 | S= | I=(0,0);(0,1);(2,2);(2,3) | sp= | ip=1,1,883,1 | E=(0,2,0,0) | ep=5
0,1,0 | 6,35,12 | S= | I=(0,0);(0,1);(2,2);(2,3) | sp= | ip=1,1,883,882 | E=(0,2,0,0) | ep=5
0,1,0 | 7,33,6 | S= | I=(0,0);(0,1);(2,2);(2,3) | sp= | ip=1,1,1,1 | E=(0,2,0,0) | ep=3
0,1,0 | 7,33,6 | S= | I=(0,0);(0,1);(2,2);(2,3) | sp= | ip=1,1,1,1 | E=(0,2,0,0) | ep=5
0,1,0 | 7,33,7 | S= | I=(0,0);(0,1);(2,2);(2,3) | sp= | ip=1,1,1,1 | E=(0,2,0,0) | ep=2
0,1,0 | 7,33,7 | S= | I=(0,0);(0,1);(2,2);(2,3) | sp= | ip=1,1,1,1 | E=(0,2,0,0) | ep=3
0,1,0 | 7,33,7 | S= | I=(0,0);(0,1);(2,2);(2,3) | sp= | ip=1,1,1,1 | E=(0,2,0,0) | ep=5
0,1,0 | 7,33,7 | S= | I=(0,0);(0,1);(2,2);(2,3) | sp= | ip=1,1,1,882 | E=(0,2,0,0) | ep=3
0,1,0 | 7,33,7 | S= | I=(0,0);(0,1);(2,2);(2,3) | sp= | ip=1,1,1,882 | E=(0,2,0,0) | ep=5
0,1,0 | 7,33,7 | S= | I=(0,0);(0,1);(2,2);(2,3) | sp= | ip=1,1,882,1 | E=(0,2,0,0) | ep=3
0,1,0 | 7,33,7 | S= | I=(0,0);(0,1);(2,2);(2,3) | sp= | ip=1,1,882,1 | E=(0,2,0,0) | ep=5
0,1,0 | 7,33,7 | S= | I=(0,0);(0,1);(2,2);(2,3) | sp= | ip=1,882,1,1 | E=(0,2,0,0) | ep=5
0,1,0 | 7,33,7 | S= | I=(0,0);(0,1);(2,2);(2,3) | sp= | ip=882,1,1,1 | E=(0,2,0,0) | ep=5
0,1,0 | 7,33,8 | S= | I=(0,0);(0,1);(2,2);(2,3) | sp= | ip=1,1,1,1 | E=(0,2,0,0) | ep=2
0,1,0 | 7,33,8 | S= | I=(0,0);(0,1);(2,2);(2,3) | sp= | ip=1,1,1,1 | E=(0,2,0,0) | ep=3
0,1,0 | 7,33,8 | S= | I=(0,0);(0,1);(2,2);(2,3) | sp= | ip=1,1,1,1 | E=(0,2,0,0) | ep=5
0,1,0 | 7,33,8 | S= | I=(0,0);(0,1);(2,2);(2,3) | sp= | ip=1,1,1,882 | E=(0,2,0,0) | ep=2
0,1,0 | 7,33,8 | S= | I=(0,0);(0,1);(2,2);(2,3) | sp= | ip=1,1,1,882 | E=(0,2,0,0) | ep=3
0,1,0 | 7,33,8 | S= | I=(0,0);(0,1);(2,2);(2,3) | sp= | ip=1,1,1,882 | E=(0,2,0,0) | ep=5
0,1,0 | 7,33,8 | S= | I=(0,0);(0,1);(2,2);(2,3) | sp= | ip=1,1,1,883 | E=(0,2,0,0) | ep=3
0,1,0 | 7,33,8 | S= | I=(0,0);(0,1);(2,2);(2,3) | sp= | ip=1,1,1,883 | E=(0,2,0,0) | ep=5
0,1,0 | 7,33,8 | S= | I=(0,0);(0,1);(2,2);(2,3) | sp= | ip=1,1,882,1 | E=(0,2,0,0) | ep=2
0,1,0 | 7,33,8 | S= | I=(0,0);(0,1);(2,2);(2,3) | sp= | ip=1,1,882,1 | E=(0,2,0,0) | ep=3
0,1,0 | 7,33,8 | S= | I=(0,0);(0,1);(2,2);(2,3) | sp= | ip=1,1,882,1 | E=(0,2,0,0) | ep=5
0,1,0 | 7,33,8 | S= | I=(0,0);(0,1);(2,2);(2,3) | sp= | ip=1,1,882,882 | E=(0,2,0,0) | ep=3
0,1,0 | 7,33,8 | S= | I=(0,0);(0,1);(2,2);(2,3) | sp= | ip=1,1,882,882 | E=(0,2,0,0) | ep=5
0,1,0 | 7,33,8 | S= | I=(0,0);(0,1);(2,2);(2,3) | sp= | ip=1,1,883,1 | E=(0,2,0,0) | ep=3
0,1,0 | 7,33,8 | S= | I=(0,0);(0,1);(2,2);(2,3) | sp= | ip=1,1,883,1 | E=(0,2,0,0) | ep=5
0,1,0 | 7,33,8 | S= | I=(0,0);(0,1);(2,2);(2,3) | sp= | ip=1,882,1,1 | E=(0,2,0,0) | ep=3
0,1,0 | 7,33,8 | S= | I=(0,0);(0,1);(2,2);(2,3) | sp= | ip=1,882,1,1 | E=(0,2,0,0) | ep=5
0,1,0 | 7,33,8 | S= | I=(0,0);(0,1);(2,2);(2,3) | sp= | ip=1,882,1,882 | E=(0,2,0,0) | ep=5
0,1,0 | 7,33,8 | S= | I=(0,0);(0,1);(2,2);(2,3) | sp= | ip=1,882,882,1 | E=(0,2,0,0) | ep=5
0,1,0 | 7,33,8 | S= | I=(0,0);(0,1);(2,2);(2,3) | sp= | ip=882,1,1,1 | E=(0,2,0,0) | ep=3
0,1,0 | 7,33,8 | S= | I=(0,0);(0,1);(2,2);(2,3) | sp= | ip=882,1,1,1 | E=(0,2,0,0) | ep=5
0,1,0 | 7,33,8 | S= | I=(0,0);(0,1);(2,2);(2,3) | sp= | ip=882,1,1,882 | E=(0,2,0,0) | ep=5
0,1,0 | 7,33,8 | S= | I=(0,0);(0,1);(2,2);(2,3) | sp= | ip=882,1,882,1 | E=(0,2,0,0) | ep=5
0,1,0 | 7,44,8 | S= | I=(0,0);(0,1);(2,2);(2,3) | sp= | ip=1,1,1,1 | E=(0,2,0,0) | ep=5
0,1,0 | 7,45,12 | S= | I=(0,0);(0,1);(2,2);(2,3) | sp= | ip=1,1,1,1 | E=(0,2,0,0) | ep=3
0,1,0 | 7,45,12 | S= | I=(0,0);(0,1);(2,2);(2,3) | sp= | ip=1,1,1,1 | E=(0,2,0,0) | ep=5
0,1,0 | 7,45,12 | S= | I=(0,0);(0,1);(2,2);(2,3) | sp= | ip=1,1,1,882 | E=(0,2,0,0) | ep=3
0,1,0 | 7,45,12 | S= | I=(0,0);(0,1);(2,2);(2,3) | sp= | ip=1,1,1,882 | E=(0,2,0,0) | ep=5
0,1,0 | 7,45,12 | S= | I=(0,0);(0,1);(2,2);(2,3) | sp= | ip=1,1,1,883 | E=(0,2,0,0) | ep=3
0,1,0 | 7,45,12 | S= | I=(0,0);(0,1);(2,2);(2,3) | sp= | ip=1,1,1,883 | E=(0,2,0,0) | ep=5
0,1,0 | 7,45,12 | S= | I=(0,0);(0,1);(2,2);(2,3) | sp= | ip=1,1,882,1 | E=(0,2,0,0) | ep=3
0,1,0 | 7,45,12 | S= | I=(0,0);(0,1);(2,2);(2,3) | sp= | ip=1,1,882,1 | E=(0,2,0,0) | ep=5
0,1,0 | 7,45,12 | S= | I=(0,0);(0,1);(2,2);(2,3) | sp= | ip=1,1,882,882 | E=(0,2,0,0) | ep=3
0,1,0 | 7,45,12 | S= | I=(0,0);(0,1);(2,2);(2,3) | sp= | ip=1,1,882,882 | E=(0,2,0,0) | ep=5
0,1,0 | 7,45,12 | S= | I=(0,0);(0,1);(2,2);(2,3) | sp= | ip=1,1,882,883 | E=(0,2,0,0) | ep=5
0,1,0 | 7,45,12 | S= | I=(0,0);(0,1);(2,2);(2,3) | sp= | ip=1,1,883,1 | E=(0,2,0,0) | ep=3
0,1,0 | 7,45,12 | S= | I=(0,0);(0,1);(2,2);(2,3) | sp= | ip=1,1,883,1 | E=(0,2,0,0) | ep=5
0,1,0 | 7,45,12 | S= | I=(0,0);(0,1);(2,2);(2,3) | sp= | ip=1,1,883,882 | E=(0,2,0,0) | ep=5
0,1,0 | 8,33,6 | S= | I=(0,0);(0,1);(2,2);(2,3) | sp= | ip=1,1,1,1 | E=(0,2,0,0) | ep=2
0,1,0 | 8,33,6 | S= | I=(0,0);(0,1);(2,2);(2,3) | sp= | ip=1,1,1,1 | E=(0,2,0,0) | ep=3
0,1,0 | 8,33,6 | S= | I=(0,0);(0,1);(2,2);(2,3) | sp= | ip=1,1,1,1 | E=(0,2,0,0) | ep=5
0,1,0 | 8,33,6 | S= | I=(0,0);(0,1);(2,2);(2,3) | sp= | ip=1,882,1,1 | E=(0,2,0,0) | ep=3
0,1,0 | 8,33,6 | S= | I=(0,0);(0,1);(2,2);(2,3) | sp= | ip=1,882,1,1 | E=(0,2,0,0) | ep=5
0,1,0 | 8,33,6 | S= | I=(0,0);(0,1);(2,2);(2,3) | sp= | ip=882,1,1,1 | E=(0,2,0,0) | ep=3
0,1,0 | 8,33,6 | S= | I=(0,0);(0,1);(2,2);(2,3) | sp= | ip=882,1,1,1 | E=(0,2,0,0) | ep=5
0,1,0 | 8,33,7 | S= | I=(0,0);(0,1);(2,2);(2,3) | sp= | ip=1,1,1,1 | E=(0,2,0,0) | ep=2
0,1,0 | 8,33,7 | S= | I=(0,0);(0,1);(2,2);(2,3) | sp= | ip=1,1,1,1 | E=(0,2,0,0) | ep=3
0,1,0 | 8,33,7 | S= | I=(0,0);(0,1);(2,2);(2,3) | sp= | ip=1,1,1,1 | E=(0,2,0,0) | ep=5
0,1,0 | 8,33,7 | S= | I=(0,0);(0,1);(2,2);(2,3) | sp= | ip=1,1,1,882 | E=(0,2,0,0) | ep=2
0,1,0 | 8,33,7 | S= | I=(0,0);(0,1);(2,2);(2,3) | sp= | ip=1,1,1,882 | E=(0,2,0,0) | ep=3
0,1,0 | 8,33,7 | S= | I=(0,0);(0,1);(2,2);(2,3) | sp= | ip=1,1,1,882 | E=(0,2,0,0) | ep=5
0,1,0 | 8,33,7 | S= | I=(0,0);(0,1);(2,2);(2,3) | sp= | ip=1,1,882,1 | E=(0,2,0,0) | ep=2
0,1,0 | 8,33,7 | S= | I=(0,0);(0,1);(2,2);(2,3) | sp= | ip=1,1,882,1 | E=(0,2,0,0) | ep=3
0,1,0 | 8,33,7 | S= | I=(0,0);(0,1);(2,2);(2,3) | sp= | ip=1,1,882,1 | E=(0,2,0,0) | ep=5
0,1,0 | 8,33,7 | S= | I=(0,0);(0,1);(2,2);(2,3) | sp= | ip=1,882,1,1 | E=(0,2,0,0) | ep=2
0,1,0 | 8,33,7 | S= | I=(0,0);(0,1);(2,2);(2,3) | sp= | ip=1,882,1,1 | E=(0,2,0,0) | ep=3
0,1,0 | 8,33,7 | S= | I=(0,0);(0,1);(2,2);(2,3) | sp= | ip=1,882,1,1 | E=(0,2,0,0) | ep=5
0,1,0 | 8,33,7 | S= | I=(0,0);(0,1);(2,2);(2,3) | sp= | ip=1,882,1,882 | E=(0,2,0,0) | ep=3
0,1,0 | 8,33,7 | S= | I=(0,0);(0,1);(2,2);(2,3) | sp= | ip=1,882,1,882 | E=(0,2,0,0) | ep=5
0,1,0 | 8,33,7 | S= | I=(0,0);(0,1);(2,2);(2,3) | sp= | ip=1,882,882,1 | E=(0,2,0,0) | ep=3
0,1,0 | 8,33,7 | S= | I=(0,0);(0,1);(2,2);(2,3) | sp= | ip=1,882,882,1 | E=(0,2,0,0) | ep=5
0,1,0 | 8,33,7 | S= | I=(0,0);(0,1);(2,2);(2,3) | sp= | ip=1,883,1,1 | E=(0,2,0,0) | ep=5
0,1,0 | 8,33,7 | S= | I=(0,0);(0,1);(2,2);(2,3) | sp= | ip=882,1,1,1 | E=(0,2,0,0) | ep=2
0,1,0 | 8,33,7 | S= | I=(0,0);(0,1);(2,2);(2,3) | sp= | ip=882,1,1,1 | E=(0,2,0,0) | ep=3
0,1,0 | 8,33,7 | S= | I=(0,0);(0,1);(2,2);(2,3) | sp= | ip=882,1,1,1 | E=(0,2,0,0) | ep=5
0,1,0 | 8,33,7 | S= | I=(0,0);(0,1);(2,2);(2,3) | sp= | ip=882,1,1,882 | E=(0,2,0,0) | ep=3
0,1,0 | 8,33,7 | S= | I=(0,0);(0,1);(2,2);(2,3) | sp= | ip=882,1,1,882 | E=(0,2,0,0) | ep=5
0,1,0 | 8,33,7 | S= | I=(0,0);(0,1);(2,2);(2,3) | sp= | ip=882,1,882,1 | E=(0,2,0,0) | ep=3
0,1,0 | 8,33,7 | S= | I=(0,0);(0,1);(2,2);(2,3) | sp= | ip=882,1,882,1 | E=(0,2,0,0) | ep=5
0,1,0 | 8,33,7 | S= | I=(0,0);(0,1);(2,2);(2,3) | sp= | ip=882,882,1,1 | E=(0,2,0,0) | ep=5
0,1,0 | 8,33,7 | S= | I=(0,0);(0,1);(2,2);(2,3) | sp= | ip=883,1,1,1 | E=(0,2,0,0) | ep=5
0,1,0 | 8,33,8 | S= | I=(0,0);(0,1);(2,2);(2,3) | sp= | ip=1,1,1,1 | E=(0,2,0,0) | ep=2
0,1,0 | 8,33,8 | S= | I=(0,0);(0,1);(2,2);(2,3) | sp= | ip=1,1,1,1 | E=(0,2,0,0) | ep=3
0,1,0 | 8,33,8 | S= | I=(0,0);(0,1);(2,2);(2,3) | sp= | ip=1,1,1,1 | E=(0,2,0,0) | ep=5
0,1,0 | 8,33,8 | S= | I=(0,0);(0,1);(2,2);(2,3) | sp= | ip=1,1,1,882 | E=(0,2,0,0) | ep=2
0,1,0 | 8,33,8 | S= | I=(0,0);(0,1);(2,2);(2,3) | sp= | ip=1,1,1,882 | E=(0,2,0,0) | ep=3
0,1,0 | 8,33,8 | S= | I=(0,0);(0,1);(2,2);(2,3) | sp= | ip=1,1,1,882 | E=(0,2,0,0) | ep=5
0,1,0 | 8,33,8 | S= | I=(0,0);(0,1);(2,2);(2,3) | sp= | ip=1,1,1,883 | E=(0,2,0,0) | ep=2
0,1,0 | 8,33,8 | S= | I=(0,0);(0,1);(2,2);(2,3) | sp= | ip=1,1,1,883 | E=(0,2,0,0) | ep=3
0,1,0 | 8,33,8 | S= | I=(0,0);(0,1);(2,2);(2,3) | sp= | ip=1,1,1,883 | E=(0,2,0,0) | ep=5
0,1,0 | 8,33,8 | S= | I=(0,0);(0,1);(2,2);(2,3) | sp= | ip=1,1,882,1 | E=(0,2,0,0) | ep=2
0,1,0 | 8,33,8 | S= | I=(0,0);(0,1);(2,2);(2,3) | sp= | ip=1,1,882,1 | E=(0,2,0,0) | ep=3
0,1,0 | 8,33,8 | S= | I=(0,0);(0,1);(2,2);(2,3) | sp= | ip=1,1,882,1 | E=(0,2,0,0) | ep=5
0,1,0 | 8,33,8 | S= | I=(0,0);(0,1);(2,2);(2,3) | sp= | ip=1,1,882,882 | E=(0,2,0,0) | ep=2
0,1,0 | 8,33,8 | S= | I=(0,0);(0,1);(2,2);(2,3) | sp= | ip=1,1,882,882 | E=(0,2,0,0) | ep=3
0,1,0 | 8,33,8 | S= | I=(0,0);(0,1);(2,2);(2,3) | sp= | ip=1,1,882,882 | E=(0,2,0,0) | ep=5
0,1,0 | 8,33,8 | S= | I=(0,0);(0,1);(2,2);(2,3) | sp= | ip=1,1,883,1 | E=(0,2,0,0) | ep=2
0,1,0 | 8,33,8 | S= | I=(0,0);(0,1);(2,2);(2,3) | sp= | ip=1,1,883,1 | E=(0,2,0,0) | ep=3
0,1,0 | 8,33,8 | S= | I=(0,0);(0,1);(2,2);(2,3) | sp= | ip=1,1,883,1 | E=(0,2,0,0) | ep=5
0,1,0 | 8,33,8 | S= | I=(0,0);(0,1);(2,2);(2,3) | sp= | ip=1,882,1,1 | E=(0,2,0,0) | ep=2
0,1,0 | 8,33,8 | S= | I=(0,0);(0,1);(2,2);(2,3) | sp= | ip=1,882,1,1 | E=(0,2,0,0) | ep=3
0,1,0 | 8,33,8 | S= | I=(0,0);(0,1);(2,2);(2,3) | sp= | ip=1,882,1,1 | E=(0,2,0,0) | ep=5
0,1,0 | 8,33,8 | S= | I=(0,0);(0,1);(2,2);(2,3) | sp= | ip=1,882,1,882 | E=(0,2,0,0) | ep=2
0,1,0 | 8,33,8 | S= | I=(0,0);(0,1);(2,2);(2,3) | sp= | ip=1,882,1,882 | E=(0,2,0,0) | ep=3
0,1,0 | 8,33,8 | S= | I=(0,0);(0,1);(2,2);(2,3) | sp= | ip=1,882,1,882 | E=(0,2,0,0) | ep=5
0,1,0 | 8,33,8 | S= | I=(0,0);(0,1);(2,2);(2,3) | sp= | ip=1,882,1,883 | E=(0,2,0,0) | ep=3
0,1,0 | 8,33,8 | S= | I=(0,0);(0,1);(2,2);(2,3) | sp= | ip=1,882,1,883 | E=(0,2,0,0) | ep=5
0,1,0 | 8,33,8 | S= | I=(0,0);(0,1);(2,2);(2,3) | sp= | ip=1,882,882,1 | E=(0,2,0,0) | ep=2
0,1,0 | 8,33,8 | S= | I=(0,0);(0,1);(2,2);(2,3) | sp= | ip=1,882,882,1 | E=(0,2,0,0) | ep=3
0,1,0 | 8,33,8 | S= | I=(0,0);(0,1);(2,2);(2,3) | sp= | ip=1,882,882,1 | E=(0,2,0,0) | ep=5
0,1,0 | 8,33,8 | S= | I=(0,0);(0,1);(2,2);(2,3) | sp= | ip=1,882,882,882 | E=(0,2,0,0) | ep=3
0,1,0 | 8,33,8 | S= | I=(0,0);(0,1);(2,2);(2,3) | sp= | ip=1,882,882,882 | E=(0,2,0,0) | ep=5
0,1,0 | 8,33,8 | S= | I=(0,0);(0,1);(2,2);(2,3) | sp= | ip=1,882,883,1 | E=(0,2,0,0) | ep=3
0,1,0 | 8,33,8 | S= | I=(0,0);(0,1);(2,2);(2,3) | sp= | ip=1,882,883,1 | E=(0,2,0,0) | ep=5
0,1,0 | 8,33,8 | S= | I=(0,0);(0,1);(2,2);(2,3) | sp= | ip=1,883,1,1 | E=(0,2,0,0) | ep=3
0,1,0 | 8,33,8 | S= | I=(0,0);(0,1);(2,2);(2,3) | sp= | ip=1,883,1,1 | E=(0,2,0,0) | ep=5
0,1,0 | 8,33,8 | S= | I=(0,0);(0,1);(2,2);(2,3) | sp= | ip=1,883,1,882 | E=(0,2,0,0) | ep=5
0,1,0 | 8,33,8 | S= | I=(0,0);(0,1);(2,2);(2,3) | sp= | ip=1,883,882,1 | E=(0,2,0,0) | ep=5
0,1,0 | 8,33,8 | S= | I=(0,0);(0,1);(2,2);(2,3) | sp= | ip=882,1,1,1 | E=(0,2,0,0) | ep=2
0,1,0 | 8,33,8 | S= | I=(0,0);(0,1);(2,2);(2,3) | sp= | ip=882,1,1,1 | E=(0,2,0,0) | ep=3
0,1,0 | 8,33,8 | S= | I=(0,0);(0,1);(2,2);(2,3) | sp= | ip=882,1,1,1 | E=(0,2,0,0) | ep=5
0,1,0 | 8,33,8 | S= | I=(0,0);(0,1);(2,2);(2,3) | sp= | ip=882,1,1,882 | E=(0,2,0,0) | ep=2
0,1,0 | 8,33,8 | S= | I=(0,0);(0,1);(2,2);(2,3) | sp= | ip=882,1,1,882 | E=(0,2,0,0) | ep=3
0,1,0 | 8,33,8 | S= | I=(0,0);(0,1);(2,2);(2,3) | sp= | ip=882,1,1,882 | E=(0,2,0,0) | ep=5
0,1,0 | 8,33,8 | S= | I=(0,0);(0,1);(2,2);(2,3) | sp= | ip=882,1,1,883 | E=(0,2,0,0) | ep=3
0,1,0 | 8,33,8 | S= | I=(0,0);(0,1);(2,2);(2,3) | sp= | ip=882,1,1,883 | E=(0,2,0,0) | ep=5
0,1,0 | 8,33,8 | S= | I=(0,0);(0,1);(2,2);(2,3) | sp= | ip=882,1,882,1 | E=(0,2,0,0) | ep=2
0,1,0 | 8,33,8 | S= | I=(0,0);(0,1);(2,2);(2,3) | sp= | ip=882,1,882,1 | E=(0,2,0,0) | ep=3
0,1,0 | 8,33,8 | S= | I=(0,0);(0,1);(2,2);(2,3) | sp= | ip=882,1,882,1 | E=(0,2,0,0) | ep=5
0,1,0 | 8,33,8 | S= | I=(0,0);(0,1);(2,2);(2,3) | sp= | ip=882,1,882,882 | E=(0,2,0,0) | ep=3
0,1,0 | 8,33,8 | S= | I=(0,0);(0,1);(2,2);(2,3) | sp= | ip=882,1,882,882 | E=(0,2,0,0) | ep=5
0,1,0 | 8,33,8 | S= | I=(0,0);(0,1);(2,2);(2,3) | sp= | ip=882,1,883,1 | E=(0,2,0,0) | ep=3
0,1,0 | 8,33,8 | S= | I=(0,0);(0,1);(2,2);(2,3) | sp= | ip=882,1,883,1 | E=(0,2,0,0) | ep=5
0,1,0 | 8,33,8 | S= | I=(0,0);(0,1);(2,2);(2,3) | sp= | ip=882,882,1,1 | E=(0,2,0,0) | ep=3
0,1,0 | 8,33,8 | S= | I=(0,0);(0,1);(2,2);(2,3) | sp= | ip=882,882,1,1 | E=(0,2,0,0) | ep=5
0,1,0 | 8,33,8 | S= | I=(0,0);(0,1);(2,2);(2,3) | sp= | ip=882,882,1,882 | E=(0,2,0,0) | ep=5
0,1,0 | 8,33,8 | S= | I=(0,0);(0,1);(2,2);(2,3) | sp= | ip=882,882,882,1 | E=(0,2,0,0) | ep=5
0,1,0 | 8,33,8 | S= | I=(0,0);(0,1);(2,2);(2,3) | sp= | ip=883,1,1,1 | E=(0,2,0,0) | ep=3
0,1,0 | 8,33,8 | S= | I=(0,0);(0,1);(2,2);(2,3) | sp= | ip=883,1,1,1 | E=(0,2,0,0) | ep=5
0,1,0 | 8,33,8 | S= | I=(0,0);(0,1);(2,2);(2,3) | sp= | ip=883,1,1,882 | E=(0,2,0,0) | ep=5
0,1,0 | 8,33,8 | S= | I=(0,0);(0,1);(2,2);(2,3) | sp= | ip=883,1,882,1 | E=(0,2,0,0) | ep=5
0,1,0 | 8,43,6 | S= | I=(0,0);(0,1);(2,2);(2,3) | sp= | ip=1,1,1,1 | E=(0,2,0,0) | ep=3
0,1,0 | 8,43,6 | S= | I=(0,0);(0,1);(2,2);(2,3) | sp= | ip=1,1,1,1 | E=(0,2,0,0) | ep=5
0,1,0 | 8,44,7 | S= | I=(0,0);(0,1);(2,2);(2,3) | sp= | ip=1,1,1,1 | E=(0,2,0,0) | ep=3
0,1,0 | 8,44,7 | S= | I=(0,0);(0,1);(2,2);(2,3) | sp= | ip=1,1,1,1 | E=(0,2,0,0) | ep=5
0,1,0 | 8,44,8 | S= | I=(0,0);(0,1);(2,2);(2,3) | sp= | ip=1,1,1,1 | E=(0,2,0,0) | ep=2
0,1,0 | 8,44,8 | S= | I=(0,0);(0,1);(2,2);(2,3) | sp= | ip=1,1,1,1 | E=(0,2,0,0) | ep=3
0,1,0 | 8,44,8 | S= | I=(0,0);(0,1);(2,2);(2,3) | sp= | ip=1,1,1,1 | E=(0,2,0,0) | ep=5
0,1,0 | 8,44,8 | S= | I=(0,0);(0,1);(2,2);(2,3) | sp= | ip=1,1,1,882 | E=(0,2,0,0) | ep=3
0,1,0 | 8,44,8 | S= | I=(0,0);(0,1);(2,2);(2,3) | sp= | ip=1,1,1,882 | E=(0,2,0,0) | ep=5
0,1,0 | 8,44,8 | S= | I=(0,0);(0,1);(2,2);(2,3) | sp= | ip=1,1,882,1 | E=(0,2,0,0) | ep=3
0,1,0 | 8,44,8 | S= | I=(0,0);(0,1);(2,2);(2,3) | sp= | ip=1,1,882,1 | E=(0,2,0,0) | ep=5
0,1,0 | 8,44,8 | S= | I=(0,0);(0,1);(2,2);(2,3) | sp= | ip=1,882,1,1 | E=(0,2,0,0) | ep=5
0,1,0 | 8,44,8 | S= | I=(0,0);(0,1);(2,2);(2,3) | sp= | ip=882,1,1,1 | E=(0,2,0,0) | ep=5
0,1,0 | 8,54,8 | S= | I=(0,0);(0,1);(2,2);(2,3) | sp= | ip=1,1,1,1 | E=(0,2,0,0) | ep=5
0,1,0 | 8,45,8 | S= | I=(0,0);(0,1);(2,2);(2,3) | sp= | ip=1,1,1,1 | E=(0,2,0,0) | ep=3
0,1,0 | 8,45,8 | S= | I=(0,0);(0,1);(2,2);(2,3) | sp= | ip=1,1,1,1 | E=(0,2,0,0) | ep=5
0,1,0 | 8,45,12 | S= | I=(0,0);(0,1);(2,2);(2,3) | sp= | ip=1,1,1,1 | E=(0,2,0,0) | ep=2
0,1,0 | 8,45,12 | S= | I=(0,0);(0,1);(2,2);(2,3) | sp= | ip=1,1,1,1 | E=(0,2,0,0) | ep=3
0,1,0 | 8,45,12 | S= | I=(0,0);(0,1);(2,2);(2,3) | sp= | ip=1,1,1,1 | E=(0,2,0,0) | ep=5
0,1,0 | 8,45,12 | S= | I=(0,0);(0,1);(2,2);(2,3) | sp= | ip=1,1,1,882 | E=(0,2,0,0) | ep=2
0,1,0 | 8,45,12 | S= | I=(0,0);(0,1);(2,2);(2,3) | sp= | ip=1,1,1,882 | E=(0,2,0,0) | ep=3
0,1,0 | 8,45,12 | S= | I=(0,0);(0,1);(2,2);(2,3) | sp= | ip=1,1,1,882 | E=(0,2,0,0) | ep=5
0,1,0 | 8,45,12 | S= | I=(0,0);(0,1);(2,2);(2,3) | sp= | ip=1,1,1,883 | E=(0,2,0,0) | ep=2
0,1,0 | 8,45,12 | S= | I=(0,0);(0,1);(2,2);(2,3) | sp= | ip=1,1,1,883 | E=(0,2,0,0) | ep=3
0,1,0 | 8,45,12 | S= | I=(0,0);(0,1);(2,2);(2,3) | sp= | ip=1,1,1,883 | E=(0,2,0,0) | ep=5
0,1,0 | 8,45,12 | S= | I=(0,0);(0,1);(2,2);(2,3) | sp= | ip=1,1,882,1 | E=(0,2,0,0) | ep=2
0,1,0 | 8,45,12 | S= | I=(0,0);(0,1);(2,2);(2,3) | sp= | ip=1,1,882,1 | E=(0,2,0,0) | ep=3
0,1,0 | 8,45,12 | S= | I=(0,0);(0,1);(2,2);(2,3) | sp= | ip=1,1,882,1 | E=(0,2,0,0) | ep=5
0,1,0 | 8,45,12 | S= | I=(0,0);(0,1);(2,2);(2,3) | sp= | ip=1,1,882,882 | E=(0,2,0,0) | ep=2
0,1,0 | 8,45,12 | S= | I=(0,0);(0,1);(2,2);(2,3) | sp= | ip=1,1,882,882 | E=(0,2,0,0) | ep=3
0,1,0 | 8,45,12 | S= | I=(0,0);(0,1);(2,2);(2,3) | sp= | ip=1,1,882,882 | E=(0,2,0,0) | ep=5
0,1,0 | 8,45,12 | S= | I=(0,0);(0,1);(2,2);(2,3) | sp= | ip=1,1,882,883 | E=(0,2,0,0) | ep=2
0,1,0 | 8,45,12 | S= | I=(0,0);(0,1);(2,2);(2,3) | sp= | ip=1,1,882,883 | E=(0,2,0,0) | ep=3
0,1,0 | 8,45,12 | S= | I=(0,0);(0,1);(2,2);(2,3) | sp= | ip=1,1,882,883 | E=(0,2,0,0) | ep=5
0,1,0 | 8,45,12 | S= | I=(0,0);(0,1);(2,2);(2,3) | sp= | ip=1,1,883,1 | E=(0,2,0,0) | ep=2
0,1,0 | 8,45,12 | S= | I=(0,0);(0,1);(2,2);(2,3) | sp= | ip=1,1,883,1 | E=(0,2,0,0) | ep=3
0,1,0 | 8,45,12 | S= | I=(0,0);(0,1);(2,2);(2,3) | sp= | ip=1,1,883,1 | E=(0,2,0,0) | ep=5
0,1,0 | 8,45,12 | S= | I=(0,0);(0,1);(2,2);(2,3) | sp= | ip=1,1,883,882 | E=(0,2,0,0) | ep=2
0,1,0 | 8,45,12 | S= | I=(0,0);(0,1);(2,2);(2,3) | sp= | ip=1,1,883,882 | E=(0,2,0,0) | ep=3
0,1,0 | 8,45,12 | S= | I=(0,0);(0,1);(2,2);(2,3) | sp= | ip=1,1,883,882 | E=(0,2,0,0) | ep=5
0,1,0 | 8,45,12 | S= | I=(0,0);(0,1);(2,2);(2,3) | sp= | ip=1,1,883,883 | E=(0,2,0,0) | ep=3
0,1,0 | 8,45,12 | S= | I=(0,0);(0,1);(2,2);(2,3) | sp= | ip=1,1,883,883 | E=(0,2,0,0) | ep=5
0,1,0 | 8,45,12 | S= | I=(0,0);(0,1);(2,2);(2,3) | sp= | ip=1,882,1,1 | E=(0,2,0,0) | ep=3
0,1,0 | 8,45,12 | S= | I=(0,0);(0,1);(2,2);(2,3) | sp= | ip=1,882,1,1 | E=(0,2,0,0) | ep=5
0,1,0 | 8,45,12 | S= | I=(0,0);(0,1);(2,2);(2,3) | sp= | ip=1,882,1,882 | E=(0,2,0,0) | ep=3
0,1,0 | 8,45,12 | S= | I=(0,0);(0,1);(2,2);(2,3) | sp= | ip=1,882,1,882 | E=(0,2,0,0) | ep=5
0,1,0 | 8,45,12 | S= | I=(0,0);(0,1);(2,2);(2,3) | sp= | ip=1,882,1,883 | E=(0,2,0,0) | ep=3
0,1,0 | 8,45,12 | S= | I=(0,0);(0,1);(2,2);(2,3) | sp= | ip=1,882,1,883 | E=(0,2,0,0) | ep=5
0,1,0 | 8,45,12 | S= | I=(0,0);(0,1);(2,2);(2,3) | sp= | ip=1,882,882,1 | E=(0,2,0,0) | ep=3
0,1,0 | 8,45,12 | S= | I=(0,0);(0,1);(2,2);(2,3) | sp= | ip=1,882,882,1 | E=(0,2,0,0) | ep=5
0,1,0 | 8,45,12 | S= | I=(0,0);(0,1);(2,2);(2,3) | sp= | ip=1,882,882,882 | E=(0,2,0,0) | ep=3
0,1,0 | 8,45,12 | S= | I=(0,0);(0,1);(2,2);(2,3) | sp= | ip=1,882,882,882 | E=(0,2,0,0) | ep=5
0,1,0 | 8,45,12 | S= | I=(0,0);(0,1);(2,2);(2,3) | sp= | ip=1,882,882,883 | E=(0,2,0,0) | ep=5
0,1,0 | 8,45,12 | S= | I=(0,0);(0,1);(2,2);(2,3) | sp= | ip=1,882,883,1 | E=(0,2,0,0) | ep=3
0,1,0 | 8,45,12 | S= | I=(0,0);(0,1);(2,2);(2,3) | sp= | ip=1,882,883,1 | E=(0,2,0,0) | ep=5
0,1,0 | 8,45,12 | S= | I=(0,0);(0,1);(2,2);(2,3) | sp= | ip=1,882,883,882 | E=(0,2,0,0) | ep=5
0,1,0 | 8,45,12 | S= | I=(0,0);(0,1);(2,2);(2,3) | sp= | ip=882,1,1,1 | E=(0,2,0,0) | ep=3
0,1,0 | 8,45,12 | S= | I=(0,0);(0,1);(2,2);(2,3) | sp= | ip=882,1,1,1 | E=(0,2,0,0) | ep=5
0,1,0 | 8,45,12 | S= | I=(0,0);(0,1);(2,2);(2,3) | sp= | ip=882,1,1,882 | E=(0,2,0,0) | ep=3
0,1,0 | 8,45,12 | S= | I=(0,0);(0,1);(2,2);(2,3) | sp= | ip=882,1,1,882 | E=(0,2,0,0) | ep=5
0,1,0 | 8,45,12 | S= | I=(0,0);(0,1);(2,2);(2,3) | sp= | ip=882,1,1,883 | E=(0,2,0,0) | ep=3
0,1,0 | 8,45,12 | S= | I=(0,0);(0,1);(2,2);(2,3) | sp= | ip=882,1,1,883 | E=(0,2,0,0) | ep=5
0,1,0 | 8,45,12 | S= | I=(0,0);(0,1);(2,2);(2,3) | sp= | ip=882,1,882,1 | E=(0,2,0,0) | ep=3
0,1,0 | 8,45,12 | S= | I=(0,0);(0,1);(2,2);(2,3) | sp= | ip=882,1,882,1 | E=(0,2,0,0) | ep=5
0,1,0 | 8,45,12 | S= | I=(0,0);(0,1);(2,2);(2,3) | sp= | ip=882,1,882,882 | E=(0,2,0,0) | ep=3
0,1,0 | 8,45,12 | S= | I=(0,0);(0,1);(2,2);(2,3) | sp= | ip=882,1,882,882 | E=(0,2,0,0) | ep=5
0,1,0 | 8,45,12 | S= | I=(0,0);(0,1);(2,2);(2,3) | sp= | ip=882,1,882,883 | E=(0,2,0,0) | ep=5
0,1,0 | 8,45,12 | S= | I=(0,0);(0,1);(2,2);(2,3) | sp= | ip=882,1,883,1 | E=(0,2,0,0) | ep=3
0,1,0 | 8,45,12 | S= | I=(0,0);(0,1);(2,2);(2,3) | sp= | ip=882,1,883,1 | E=(0,2,0,0) | ep=5
0,1,0 | 8,45,12 | S= | I=(0,0);(0,1);(2,2);(2,3) | sp= | ip=882,1,883,882 | E=(0,2,0,0) | ep=5
0,1,0 | 8,55,12 | S= | I=(0,0);(0,1);(2,2);(2,3) | sp= | ip=1,1,1,1 | E=(0,2,0,0) | ep=3
0,1,0 | 8,55,12 | S= | I=(0,0);(0,1);(2,2);(2,3) | sp= | ip=1,1,1,1 | E=(0,2,0,0) | ep=5
0,1,0 | 8,55,12 | S= | I=(0,0);(0,1);(2,2);(2,3) | sp= | ip=1,1,1,882 | E=(0,2,0,0) | ep=3
0,1,0 | 8,55,12 | S= | I=(0,0);(0,1);(2,2);(2,3) | sp= | ip=1,1,1,882 | E=(0,2,0,0) | ep=5
0,1,0 | 8,55,12 | S= | I=(0,0);(0,1);(2,2);(2,3) | sp= | ip=1,1,1,883 | E=(0,2,0,0) | ep=3
0,1,0 | 8,55,12 | S= | I=(0,0);(0,1);(2,2);(2,3) | sp= | ip=1,1,1,883 | E=(0,2,0,0) | ep=5
0,1,0 | 8,55,12 | S= | I=(0,0);(0,1);(2,2);(2,3) | sp= | ip=1,1,882,1 | E=(0,2,0,0) | ep=3
0,1,0 | 8,55,12 | S= | I=(0,0);(0,1);(2,2);(2,3) | sp= | ip=1,1,882,1 | E=(0,2,0,0) | ep=5
0,1,0 | 8,55,12 | S= | I=(0,0);(0,1);(2,2);(2,3) | sp= | ip=1,1,882,882 | E=(0,2,0,0) | ep=3
0,1,0 | 8,55,12 | S= | I=(0,0);(0,1);(2,2);(2,3) | sp= | ip=1,1,882,882 | E=(0,2,0,0) | ep=5
0,1,0 | 8,55,12 | S= | I=(0,0);(0,1);(2,2);(2,3) | sp= | ip=1,1,882,883 | E=(0,2,0,0) | ep=5
0,1,0 | 8,55,12 | S= | I=(0,0);(0,1);(2,2);(2,3) | sp= | ip=1,1,883,1 | E=(0,2,0,0) | ep=3
0,1,0 | 8,55,12 | S= | I=(0,0);(0,1);(2,2);(2,3) | sp= | ip=1,1,883,1 | E=(0,2,0,0) | ep=5
0,1,0 | 8,55,12 | S= | I=(0,0);(0,1);(2,2);(2,3) | sp= | ip=1,1,883,882 | E=(0,2,0,0) | ep=5
0,1,0 | 12,53,6 | S= | I=(0,0);(0,1);(2,2);(2,3) | sp= | ip=1,1,1,1 | E=(0,2,0,0) | ep=2
0,1,0 | 12,53,6 | S= | I=(0,0);(0,1);(2,2);(2,3) | sp= | ip=1,1,1,1 | E=(0,2,0,0) | ep=3
0,1,0 | 12,53,6 | S= | I=(0,0);(0,1);(2,2);(2,3) | sp= | ip=1,1,1,1 | E=(0,2,0,0) | ep=5
0,1,0 | 12,53,6 | S= | I=(0,0);(0,1);(2,2);(2,3) | sp= | ip=1,882,1,1 | E=(0,2,0,0) | ep=2
0,1,0 | 12,53,6 | S= | I=(0,0);(0,1);(2,2);(2,3) | sp= | ip=1,882,1,1 | E=(0,2,0,0) | ep=3
0,1,0 | 12,53,6 | S= | I=(0,0);(0,1);(2,2);(2,3) | sp= | ip=1,882,1,1 | E=(0,2,0,0) | ep=5
0,1,0 | 12,53,6 | S= | I=(0,0);(0,1);(2,2);(2,3) | sp= | ip=1,883,1,1 | E=(0,2,0,0) | ep=2
0,1,0 | 12,53,6 | S= | I=(0,0);(0,1);(2,2);(2,3) | sp= | ip=1,883,1,1 | E=(0,2,0,0) | ep=3
0,1,0 | 12,53,6 | S= | I=(0,0);(0,1);(2,2);(2,3) | sp= | ip=1,883,1,1 | E=(0,2,0,0) | ep=5
0,1,0 | 12,53,6 | S= | I=(0,0);(0,1);(2,2);(2,3) | sp= | ip=882,1,1,1 | E=(0,2,0,0) | ep=2
0,1,0 | 12,53,6 | S= | I=(0,0);(0,1);(2,2);(2,3) | sp= | ip=882,1,1,1 | E=(0,2,0,0) | ep=3
0,1,0 | 12,53,6 | S= | I=(0,0);(0,1);(2,2);(2,3) | sp= | ip=882,1,1,1 | E=(0,2,0,0) | ep=5
0,1,0 | 12,53,6 | S= | I=(0,0);(0,1);(2,2);(2,3) | sp= | ip=882,882,1,1 | E=(0,2,0,0) | ep=2
0,1,0 | 12,53,6 | S= | I=(0,0);(0,1);(2,2);(2,3) | sp= | ip=882,882,1,1 | E=(0,2,0,0) | ep=3
0,1,0 | 12,53,6 | S= | I=(0,0);(0,1);(2,2);(2,3) | sp= | ip=882,882,1,1 | E=(0,2,0,0) | ep=5
0,1,0 | 12,53,6 | S= | I=(0,0);(0,1);(2,2);(2,3) | sp= | ip=882,883,1,1 | E=(0,2,0,0) | ep=3
0,1,0 | 12,53,6 | S= | I=(0,0);(0,1);(2,2);(2,3) | sp= | ip=882,883,1,1 | E=(0,2,0,0) | ep=5
0,1,0 | 12,53,6 | S= | I=(0,0);(0,1);(2,2);(2,3) | sp= | ip=883,1,1,1 | E=(0,2,0,0) | ep=2
0,1,0 | 12,53,6 | S= | I=(0,0);(0,1);(2,2);(2,3) | sp= | ip=883,1,1,1 | E=(0,2,0,0) | ep=3
0,1,0 | 12,53,6 | S= | I=(0,0);(0,1);(2,2);(2,3) | sp= | ip=883,1,1,1 | E=(0,2,0,0) | ep=5
0,1,0 | 12,53,6 | S= | I=(0,0);(0,1);(2,2);(2,3) | sp= | ip=883,882,1,1 | E=(0,2,0,0) | ep=3
0,1,0 | 12,53,6 | S= | I=(0,0);(0,1);(2,2);(2,3) | sp= | ip=883,882,1,1 | E=(0,2,0,0) | ep=5
0,1,0 | 12,54,7 | S= | I=(0,0);(0,1);(2,2);(2,3) | sp= | ip=1,1,1,1 | E=(0,2,0,0) | ep=2
0,1,0 | 12,54,7 | S= | I=(0,0);(0,1);(2,2);(2,3) | sp= | ip=1,1,1,1 | E=(0,2,0,0) | ep=3
0,1,0 | 12,54,7 | S= | I=(0,0);(0,1);(2,2);(2,3) | sp= | ip=1,1,1,1 | E=(0,2,0,0) | ep=5
0,1,0 | 12,54,7 | S= | I=(0,0);(0,1);(2,2);(2,3) | sp= | ip=1,882,1,1 | E=(0,2,0,0) | ep=2
0,1,0 | 12,54,7 | S= | I=(0,0);(0,1);(2,2);(2,3) | sp= | ip=1,882,1,1 | E=(0,2,0,0) | ep=3
0,1,0 | 12,54,7 | S= | I=(0,0);(0,1);(2,2);(2,3) | sp= | ip=1,882,1,1 | E=(0,2,0,0) | ep=5
0,1,0 | 12,54,7 | S= | I=(0,0);(0,1);(2,2);(2,3) | sp= | ip=1,883,1,1 | E=(0,2,0,0) | ep=2
0,1,0 | 12,54,7 | S= | I=(0,0);(0,1);(2,2);(2,3) | sp= | ip=1,883,1,1 | E=(0,2,0,0) | ep=3
0,1,0 | 12,54,7 | S= | I=(0,0);(0,1);(2,2);(2,3) | sp= | ip=1,883,1,1 | E=(0,2,0,0) | ep=5
0,1,0 | 12,54,7 | S= | I=(0,0);(0,1);(2,2);(2,3) | sp= | ip=882,1,1,1 | E=(0,2,0,0) | ep=2
0,1,0 | 12,54,7 | S= | I=(0,0);(0,1);(2,2);(2,3) | sp= | ip=882,1,1,1 | E=(0,2,0,0) | ep=3
0,1,0 | 12,54,7 | S= | I=(0,0);(0,1);(2,2);(2,3) | sp= | ip=882,1,1,1 | E=(0,2,0,0) | ep=5
0,1,0 | 12,54,7 | S= | I=(0,0);(0,1);(2,2);(2,3) | sp= | ip=882,882,1,1 | E=(0,2,0,0) | ep=2
0,1,0 | 12,54,7 | S= | I=(0,0);(0,1);(2,2);(2,3) | sp= | ip=882,882,1,1 | E=(0,2,0,0) | ep=3
0,1,0 | 12,54,7 | S= | I=(0,0);(0,1);(2,2);(2,3) | sp= | ip=882,882,1,1 | E=(0,2,0,0) | ep=5
0,1,0 | 12,54,7 | S= | I=(0,0);(0,1);(2,2);(2,3) | sp= | ip=882,883,1,1 | E=(0,2,0,0) | ep=3
0,1,0 | 12,54,7 | S= | I=(0,0);(0,1);(2,2);(2,3) | sp= | ip=882,883,1,1 | E=(0,2,0,0) | ep=5
0,1,0 | 12,54,7 | S= | I=(0,0);(0,1);(2,2);(2,3) | sp= | ip=883,1,1,1 | E=(0,2,0,0) | ep=2
0,1,0 | 12,54,7 | S= | I=(0,0);(0,1);(2,2);(2,3) | sp= | ip=883,1,1,1 | E=(0,2,0,0) | ep=3
0,1,0 | 12,54,7 | S= | I=(0,0);(0,1);(2,2);(2,3) | sp= | ip=883,1,1,1 | E=(0,2,0,0) | ep=5
0,1,0 | 12,54,7 | S= | I=(0,0);(0,1);(2,2);(2,3) | sp= | ip=883,882,1,1 | E=(0,2,0,0) | ep=3
0,1,0 | 12,54,7 | S= | I=(0,0);(0,1);(2,2);(2,3) | sp= | ip=883,882,1,1 | E=(0,2,0,0) | ep=5
0,1,0 | 12,54,8 | S= | I=(0,0);(0,1);(2,2);(2,3) | sp= | ip=1,1,1,1 | E=(0,2,0,0) | ep=2
0,1,0 | 12,54,8 | S= | I=(0,0);(0,1);(2,2);(2,3) | sp= | ip=1,1,1,1 | E=(0,2,0,0) | ep=3
0,1,0 | 12,54,8 | S= | I=(0,0);(0,1);(2,2);(2,3) | sp= | ip=1,1,1,1 | E=(0,2,0,0) | ep=5
0,1,0 | 12,54,8 | S= | I=(0,0);(0,1);(2,2);(2,3) | sp= | ip=1,1,1,882 | E=(0,2,0,0) | ep=2
0,1,0 | 12,54,8 | S= | I=(0,0);(0,1);(2,2);(2,3) | sp= | ip=1,1,1,882 | E=(0,2,0,0) | ep=3
0,1,0 | 12,54,8 | S= | I=(0,0);(0,1);(2,2);(2,3) | sp= | ip=1,1,1,882 | E=(0,2,0,0) | ep=5
0,1,0 | 12,54,8 | S= | I=(0,0);(0,1);(2,2);(2,3) | sp= | ip=1,1,882,1 | E=(0,2,0,0) | ep=2
0,1,0 | 12,54,8 | S= | I=(0,0);(0,1);(2,2);(2,3) | sp= | ip=1,1,882,1 | E=(0,2,0,0) | ep=3
0,1,0 | 12,54,8 | S= | I=(0,0);(0,1);(2,2);(2,3) | sp= | ip=1,1,882,1 | E=(0,2,0,0) | ep=5
0,1,0 | 12,54,8 | S= | I=(0,0);(0,1);(2,2);(2,3) | sp= | ip=1,882,1,1 | E=(0,2,0,0) | ep=2
0,1,0 | 12,54,8 | S= | I=(0,0);(0,1);(2,2);(2,3) | sp= | ip=1,882,1,1 | E=(0,2,0,0) | ep=3
0,1,0 | 12,54,8 | S= | I=(0,0);(0,1);(2,2);(2,3) | sp= | ip=1,882,1,1 | E=(0,2,0,0) | ep=5
0,1,0 | 12,54,8 | S= | I=(0,0);(0,1);(2,2);(2,3) | sp= | ip=1,882,1,882 | E=(0,2,0,0) | ep=2
0,1,0 | 12,54,8 | S= | I=(0,0);(0,1);(2,2);(2,3) | sp= | ip=1,882,1,882 | E=(0,2,0,0) | ep=3
0,1,0 | 12,54,8 | S= | I=(0,0);(0,1);(2,2);(2,3) | sp= | ip=1,882,1,882 | E=(0,2,0,0) | ep=5
0,1,0 | 12,54,8 | S= | I=(0,0);(0,1);(2,2);(2,3) | sp= | ip=1,882,882,1 | E=(0,2,0,0) | ep=2
0,1,0 | 12,54,8 | S= | I=(0,0);(0,1);(2,2);(2,3) | sp= | ip=1,882,882,1 | E=(0,2,0,0) | ep=3
0,1,0 | 12,54,8 | S= | I=(0,0);(0,1);(2,2);(2,3) | sp= | ip=1,882,882,1 | E=(0,2,0,0) | ep=5
0,1,0 | 12,54,8 | S= | I=(0,0);(0,1);(2,2);(2,3) | sp= | ip=1,883,1,1 | E=(0,2,0,0) | ep=2
0,1,0 | 12,54,8 | S= | I=(0,0);(0,1);(2,2);(2,3) | sp= | ip=1,883,1,1 | E=(0,2,0,0) | ep=3
0,1,0 | 12,54,8 | S= | I=(0,0);(0,1);(2,2);(2,3) | sp= | ip=1,883,1,1 | E=(0,2,0,0) | ep=5
0,1,0 | 12,54,8 | S= | I=(0,0);(0,1);(2,2);(2,3) | sp= | ip=1,883,1,882 | E=(0,2,0,0) | ep=2
0,1,0 | 12,54,8 | S= | I=(0,0);(0,1);(2,2);(2,3) | sp= | ip=1,883,1,882 | E=(0,2,0,0) | ep=3
0,1,0 | 12,54,8 | S= | I=(0,0);(0,1);(2,2);(2,3) | sp= | ip=1,883,1,882 | E=(0,2,0,0) | ep=5
0,1,0 | 12,54,8 | S= | I=(0,0);(0,1);(2,2);(2,3) | sp= | ip=1,883,882,1 | E=(0,2,0,0) | ep=2
0,1,0 | 12,54,8 | S= | I=(0,0);(0,1);(2,2);(2,3) | sp= | ip=1,883,882,1 | E=(0,2,0,0) | ep=3
0,1,0 | 12,54,8 | S= | I=(0,0);(0,1);(2,2);(2,3) | sp= | ip=1,883,882,1 | E=(0,2,0,0) | ep=5
0,1,0 | 12,54,8 | S= | I=(0,0);(0,1);(2,2);(2,3) | sp= | ip=882,1,1,1 | E=(0,2,0,0) | ep=2
0,1,0 | 12,54,8 | S= | I=(0,0);(0,1);(2,2);(2,3) | sp= | ip=882,1,1,1 | E=(0,2,0,0) | ep=3
0,1,0 | 12,54,8 | S= | I=(0,0);(0,1);(2,2);(2,3) | sp= | ip=882,1,1,1 | E=(0,2,0,0) | ep=5
0,1,0 | 12,54,8 | S= | I=(0,0);(0,1);(2,2);(2,3) | sp= | ip=882,1,1,882 | E=(0,2,0,0) | ep=2
0,1,0 | 12,54,8 | S= | I=(0,0);(0,1);(2,2);(2,3) | sp= | ip=882,1,1,882 | E=(0,2,0,0) | ep=3
0,1,0 | 12,54,8 | S= | I=(0,0);(0,1);(2,2);(2,3) | sp= | ip=882,1,1,882 | E=(0,2,0,0) | ep=5
0,1,0 | 12,54,8 | S= | I=(0,0);(0,1);(2,2);(2,3) | sp= | ip=882,1,882,1 | E=(0,2,0,0) | ep=2
0,1,0 | 12,54,8 | S= | I=(0,0);(0,1);(2,2);(2,3) | sp= | ip=882,1,882,1 | E=(0,2,0,0) | ep=3
0,1,0 | 12,54,8 | S= | I=(0,0);(0,1);(2,2);(2,3) | sp= | ip=882,1,882,1 | E=(0,2,0,0) | ep=5
0,1,0 | 12,54,8 | S= | I=(0,0);(0,1);(2,2);(2,3) | sp= | ip=882,882,1,1 | E=(0,2,0,0) | ep=2
0,1,0 | 12,54,8 | S= | I=(0,0);(0,1);(2,2);(2,3) | sp= | ip=882,882,1,1 | E=(0,2,0,0) | ep=3
0,1,0 | 12,54,8 | S= | I=(0,0);(0,1);(2,2);(2,3) | sp= | ip=882,882,1,1 | E=(0,2,0,0) | ep=5
0,1,0 | 12,54,8 | S= | I=(0,0);(0,1);(2,2);(2,3) | sp= | ip=882,882,1,882 | E=(0,2,0,0) | ep=2
0,1,0 | 12,54,8 | S= | I=(0,0);(0,1);(2,2);(2,3) | sp= | ip=882,882,1,882 | E=(0,2,0,0) | ep=3
0,1,0 | 12,54,8 | S= | I=(0,0);(0,1);(2,2);(2,3) | sp= | ip=882,882,1,882 | E=(0,2,0,0) | ep=5
0,1,0 | 12,54,8 | S= | I=(0,0);(0,1);(2,2);(2,3) | sp= | ip=882,882,882,1 | E=(0,2,0,0) | ep=2
0,1,0 | 12,54,8 | S= | I=(0,0);(0,1);(2,2);(2,3) | sp= | ip=882,882,882,1 | E=(0,2,0,0) | ep=3
0,1,0 | 12,54,8 | S= | I=(0,0);(0,1);(2,2);(2,3) | sp= | ip=882,882,882,1 | E=(0,2,0,0) | ep=5
0,1,0 | 12,54,8 | S= | I=(0,0);(0,1);(2,2);(2,3) | sp= | ip=882,883,1,1 | E=(0,2,0,0) | ep=2
0,1,0 | 12,54,8 | S= | I=(0,0);(0,1);(2,2);(2,3) | sp= | ip=882,883,1,1 | E=(0,2,0,0) | ep=3
0,1,0 | 12,54,8 | S= | I=(0,0);(0,1);(2,2);(2,3) | sp= | ip=882,883,1,1 | E=(0,2,0,0) | ep=5
0,1,0 | 12,54,8 | S= | I=(0,0);(0,1);(2,2);(2,3) | sp= | ip=882,883,1,882 | E=(0,2,0,0) | ep=3
0,1,0 | 12,54,8 | S= | I=(0,0);(0,1);(2,2);(2,3) | sp= | ip=882,883,1,882 | E=(0,2,0,0) | ep=5
0,1,0 | 12,54,8 | S= | I=(0,0);(0,1);(2,2);(2,3) | sp= | ip=882,883,882,1 | E=(0,2,0,0) | ep=3
0,1,0 | 12,54,8 | S= | I=(0,0);(0,1);(2,2);(2,3) | sp= | ip=882,883,882,1 | E=(0,2,0,0) | ep=5
0,1,0 | 12,54,8 | S= | I=(0,0);(0,1);(2,2);(2,3) | sp= | ip=883,1,1,1 | E=(0,2,0,0) | ep=2
0,1,0 | 12,54,8 | S= | I=(0,0);(0,1);(2,2);(2,3) | sp= | ip=883,1,1,1 | E=(0,2,0,0) | ep=3
0,1,0 | 12,54,8 | S= | I=(0,0);(0,1);(2,2);(2,3) | sp= | ip=883,1,1,1 | E=(0,2,0,0) | ep=5
0,1,0 | 12,54,8 | S= | I=(0,0);(0,1);(2,2);(2,3) | sp= | ip=883,1,1,882 | E=(0,2,0,0) | ep=2
0,1,0 | 12,54,8 | S= | I=(0,0);(0,1);(2,2);(2,3) | sp= | ip=883,1,1,882 | E=(0,2,0,0) | ep=3
0,1,0 | 12,54,8 | S= | I=(0,0);(0,1);(2,2);(2,3) | sp= | ip=883,1,1,882 | E=(0,2,0,0) | ep=5
0,1,0 | 12,54,8 | S= | I=(0,0);(0,1);(2,2);(2,3) | sp= | ip=883,1,882,1 | E=(0,2,0,0) | ep=2
0,1,0 | 12,54,8 | S= | I=(0,0);(0,1);(2,2);(2,3) | sp= | ip=883,1,882,1 | E=(0,2,0,0) | ep=3
0,1,0 | 12,54,8 | S= | I=(0,0);(0,1);(2,2);(2,3) | sp= | ip=883,1,882,1 | E=(0,2,0,0) | ep=5
0,1,0 | 12,54,8 | S= | I=(0,0);(0,1);(2,2);(2,3) | sp= | ip=883,882,1,1 | E=(0,2,0,0) | ep=2
0,1,0 | 12,54,8 | S= | I=(0,0);(0,1);(2,2);(2,3) | sp= | ip=883,882,1,1 | E=(0,2,0,0) | ep=3
0,1,0 | 12,54,8 | S= | I=(0,0);(0,1);(2,2);(2,3) | sp= | ip=883,882,1,1 | E=(0,2,0,0) | ep=5
0,1,0 | 12,54,8 | S= | I=(0,0);(0,1);(2,2);(2,3) | sp= | ip=883,882,1,882 | E=(0,2,0,0) | ep=3
0,1,0 | 12,54,8 | S= | I=(0,0);(0,1);(2,2);(2,3) | sp= | ip=883,882,1,882 | E=(0,2,0,0) | ep=5
0,1,0 | 12,54,8 | S= | I=(0,0);(0,1);(2,2);(2,3) | sp= | ip=883,882,882,1 | E=(0,2,0,0) | ep=3
0,1,0 | 12,54,8 | S= | I=(0,0);(0,1);(2,2);(2,3) | sp= | ip=883,882,882,1 | E=(0,2,0,0) | ep=5
0,1,0 | 12,54,8 | S= | I=(0,0);(0,1);(2,2);(2,3) | sp= | ip=883,883,1,1 | E=(0,2,0,0) | ep=5
0,1,0 | 12,55,8 | S= | I=(0,0);(0,1);(2,2);(2,3) | sp= | ip=1,1,1,1 | E=(0,2,0,0) | ep=2
0,1,0 | 12,55,8 | S= | I=(0,0);(0,1);(2,2);(2,3) | sp= | ip=1,1,1,1 | E=(0,2,0,0) | ep=3
0,1,0 | 12,55,8 | S= | I=(0,0);(0,1);(2,2);(2,3) | sp= | ip=1,1,1,1 | E=(0,2,0,0) | ep=5
0,1,0 | 12,55,8 | S= | I=(0,0);(0,1);(2,2);(2,3) | sp= | ip=1,882,1,1 | E=(0,2,0,0) | ep=2
0,1,0 | 12,55,8 | S= | I=(0,0);(0,1);(2,2);(2,3) | sp= | ip=1,882,1,1 | E=(0,2,0,0) | ep=3
0,1,0 | 12,55,8 | S= | I=(0,0);(0,1);(2,2);(2,3) | sp= | ip=1,882,1,1 | E=(0,2,0,0) | ep=5
0,1,0 | 12,55,8 | S= | I=(0,0);(0,1);(2,2);(2,3) | sp= | ip=1,883,1,1 | E=(0,2,0,0) | ep=2
0,1,0 | 12,55,8 | S= | I=(0,0);(0,1);(2,2);(2,3) | sp= | ip=1,883,1,1 | E=(0,2,0,0) | ep=3
0,1,0 | 12,55,8 | S= | I=(0,0);(0,1);(2,2);(2,3) | sp= | ip=1,883,1,1 | E=(0,2,0,0) | ep=5
0,1,0 | 12,55,8 | S= | I=(0,0);(0,1);(2,2);(2,3) | sp= | ip=882,1,1,1 | E=(0,2,0,0) | ep=2
0,1,0 | 12,55,8 | S= | I=(0,0);(0,1);(2,2);(2,3) | sp= | ip=882,1,1,1 | E=(0,2,0,0) | ep=3
0,1,0 | 12,55,8 | S= | I=(0,0);(0,1);(2,2);(2,3) | sp= | ip=882,1,1,1 | E=(0,2,0,0) | ep=5
0,1,0 | 12,55,8 | S= | I=(0,0);(0,1);(2,2);(2,3) | sp= | ip=882,882,1,1 | E=(0,2,0,0) | ep=2
0,1,0 | 12,55,8 | S= | I=(0,0);(0,1);(2,2);(2,3) | sp= | ip=882,882,1,1 | E=(0,2,0,0) | ep=3
0,1,0 | 12,55,8 | S= | I=(0,0);(0,1);(2,2);(2,3) | sp= | ip=882,882,1,1 | E=(0,2,0,0) | ep=5
0,1,0 | 12,55,8 | S= | I=(0,0);(0,1);(2,2);(2,3) | sp= | ip=882,883,1,1 | E=(0,2,0,0) | ep=3
0,1,0 | 12,55,8 | S= | I=(0,0);(0,1);(2,2);(2,3) | sp= | ip=882,883,1,1 | E=(0,2,0,0) | ep=5
0,1,0 | 12,55,8 | S= | I=(0,0);(0,1);(2,2);(2,3) | sp= | ip=883,1,1,1 | E=(0,2,0,0) | ep=2
0,1,0 | 12,55,8 | S= | I=(0,0);(0,1);(2,2);(2,3) | sp= | ip=883,1,1,1 | E=(0,2,0,0) | ep=3
0,1,0 | 12,55,8 | S= | I=(0,0);(0,1);(2,2);(2,3) | sp= | ip=883,1,1,1 | E=(0,2,0,0) | ep=5
0,1,0 | 12,55,8 | S= | I=(0,0);(0,1);(2,2);(2,3) | sp= | ip=883,882,1,1 | E=(0,2,0,0) | ep=3
0,1,0 | 12,55,8 | S= | I=(0,0);(0,1);(2,2);(2,3) | sp= | ip=883,882,1,1 | E=(0,2,0,0) | ep=5
0,1,0 | 12,55,12 | S= | I=(0,0);(0,1);(2,2);(2,3) | sp= | ip=1,1,1,1 | E=(0,2,0,0) | ep=2
0,1,0 | 12,55,12 | S= | I=(0,0);(0,1);(2,2);(2,3) | sp= | ip=1,1,1,1 | E=(0,2,0,0) | ep=3
0,1,0 | 12,55,12 | S= | I=(0,0);(0,1);(2,2);(2,3) | sp= | ip=1,1,1,1 | E=(0,2,0,0) | ep=5
0,1,0 | 12,55,12 | S= | I=(0,0);(0,1);(2,2);(2,3) | sp= | ip=1,1,1,882 | E=(0,2,0,0) | ep=2
0,1,0 | 12,55,12 | S= | I=(0,0);(0,1);(2,2);(2,3) | sp= | ip=1,1,1,882 | E=(0,2,0,0) | ep=3
0,1,0 | 12,55,12 | S= | I=(0,0);(0,1);(2,2);(2,3) | sp= | ip=1,1,1,882 | E=(0,2,0,0) | ep=5
0,1,0 | 12,55,12 | S= | I=(0,0);(0,1);(2,2);(2,3) | sp= | ip=1,1,1,883 | E=(0,2,0,0) | ep=2
0,1,0 | 12,55,12 | S= | I=(0,0);(0,1);(2,2);(2,3) | sp= | ip=1,1,1,883 | E=(0,2,0,0) | ep=3
0,1,0 | 12,55,12 | S= | I=(0,0);(0,1);(2,2);(2,3) | sp= | ip=1,1,1,883 | E=(0,2,0,0) | ep=5
0,1,0 | 12,55,12 | S= | I=(0,0);(0,1);(2,2);(2,3) | sp= | ip=1,1,882,1 | E=(0,2,0,0) | ep=2
0,1,0 | 12,55,12 | S= | I=(0,0);(0,1);(2,2);(2,3) | sp= | ip=1,1,882,1 | E=(0,2,0,0) | ep=3
0,1,0 | 12,55,12 | S= | I=(0,0);(0,1);(2,2);(2,3) | sp= | ip=1,1,882,1 | E=(0,2,0,0) | ep=5
0,1,0 | 12,55,12 | S= | I=(0,0);(0,1);(2,2);(2,3) | sp= | ip=1,1,882,882 | E=(0,2,0,0) | ep=2
0,1,0 | 12,55,12 | S= | I=(0,0);(0,1);(2,2);(2,3) | sp= | ip=1,1,882,882 | E=(0,2,0,0) | ep=3
0,1,0 | 12,55,12 | S= | I=(0,0);(0,1);(2,2);(2,3) | sp= | ip=1,1,882,882 | E=(0,2,0,0) | ep=5
0,1,0 | 12,55,12 | S= | I=(0,0);(0,1);(2,2);(2,3) | sp= | ip=1,1,882,883 | E=(0,2,0,0) | ep=2
0,1,0 | 12,55,12 | S= | I=(0,0);(0,1);(2,2);(2,3) | sp= | ip=1,1,882,883 | E=(0,2,0,0) | ep=3
0,1,0 | 12,55,12 | S= | I=(0,0);(0,1);(2,2);(2,3) | sp= | ip=1,1,882,883 | E=(0,2,0,0) | ep=5
0,1,0 | 12,55,12 | S= | I=(0,0);(0,1);(2,2);(2,3) | sp= | ip=1,1,883,1 | E=(0,2,0,0) | ep=2
0,1,0 | 12,55,12 | S= | I=(0,0);(0,1);(2,2);(2,3) | sp= | ip=1,1,883,1 | E=(0,2,0,0) | ep=3
0,1,0 | 12,55,12 | S= | I=(0,0);(0,1);(2,2);(2,3) | sp= | ip=1,1,883,1 | E=(0,2,0,0) | ep=5
0,1,0 | 12,55,12 | S= | I=(0,0);(0,1);(2,2);(2,3) | sp= | ip=1,1,883,882 | E=(0,2,0,0) | ep=2
0,1,0 | 12,55,12 | S= | I=(0,0);(0,1);(2,2);(2,3) | sp= | ip=1,1,883,882 | E=(0,2,0,0) | ep=3
0,1,0 | 12,55,12 | S= | I=(0,0);(0,1);(2,2);(2,3) | sp= | ip=1,1,883,882 | E=(0,2,0,0) | ep=5
0,1,0 | 12,55,12 | S= | I=(0,0);(0,1);(2,2);(2,3) | sp= | ip=1,1,883,883 | E=(0,2,0,0) | ep=2
0,1,0 | 12,55,12 | S= | I=(0,0);(0,1);(2,2);(2,3) | sp= | ip=1,1,883,883 | E=(0,2,0,0) | ep=3
0,1,0 | 12,55,12 | S= | I=(0,0);(0,1);(2,2);(2,3) | sp= | ip=1,1,883,883 | E=(0,2,0,0) | ep=5
0,1,0 | 12,55,12 | S= | I=(0,0);(0,1);(2,2);(2,3) | sp= | ip=1,882,1,1 | E=(0,2,0,0) | ep=2
0,1,0 | 12,55,12 | S= | I=(0,0);(0,1);(2,2);(2,3) | sp= | ip=1,882,1,1 | E=(0,2,0,0) | ep=3
0,1,0 | 12,55,12 | S= | I=(0,0);(0,1);(2,2);(2,3) | sp= | ip=1,882,1,1 | E=(0,2,0,0) | ep=5
0,1,0 | 12,55,12 | S= | I=(0,0);(0,1);(2,2);(2,3) | sp= | ip=1,882,1,882 | E=(0,2,0,0) | ep=2
0,1,0 | 12,55,12 | S= | I=(0,0);(0,1);(2,2);(2,3) | sp= | ip=1,882,1,882 | E=(0,2,0,0) | ep=3
0,1,0 | 12,55,12 | S= | I=(0,0);(0,1);(2,2);(2,3) | sp= | ip=1,882,1,882 | E=(0,2,0,0) | ep=5
0,1,0 | 12,55,12 | S= | I=(0,0);(0,1);(2,2);(2,3) | sp= | ip=1,882,1,883 | E=(0,2,0,0) | ep=2
0,1,0 | 12,55,12 | S= | I=(0,0);(0,1);(2,2);(2,3) | sp= | ip=1,882,1,883 | E=(0,2,0,0) | ep=3
0,1,0 | 12,55,12 | S= | I=(0,0);(0,1);(2,2);(2,3) | sp= | ip=1,882,1,883 | E=(0,2,0,0) | ep=5
0,1,0 | 12,55,12 | S= | I=(0,0);(0,1);(2,2);(2,3) | sp= | ip=1,882,882,1 | E=(0,2,0,0) | ep=2
0,1,0 | 12,55,12 | S= | I=(0,0);(0,1);(2,2);(2,3) | sp= | ip=1,882,882,1 | E=(0,2,0,0) | ep=3
0,1,0 | 12,55,12 | S= | I=(0,0);(0,1);(2,2);(2,3) | sp= | ip=1,882,882,1 | E=(0,2,0,0) | ep=5
0,1,0 | 12,55,12 | S= | I=(0,0);(0,1);(2,2);(2,3) | sp= | ip=1,882,882,882 | E=(0,2,0,0) | ep=2
0,1,0 | 12,55,12 | S= | I=(0,0);(0,1);(2,2);(2,3) | sp= | ip=1,882,882,882 | E=(0,2,0,0) | ep=3
0,1,0 | 12,55,12 | S= | I=(0,0);(0,1);(2,2);(2,3) | sp= | ip=1,882,882,882 | E=(0,2,0,0) | ep=5
0,1,0 | 12,55,12 | S= | I=(0,0);(0,1);(2,2);(2,3) | sp= | ip=1,882,882,883 | E=(0,2,0,0) | ep=2
0,1,0 | 12,55,12 | S= | I=(0,0);(0,1);(2,2);(2,3) | sp= | ip=1,882,882,883 | E=(0,2,0,0) | ep=3
0,1,0 | 12,55,12 | S= | I=(0,0);(0,1);(2,2);(2,3) | sp= | ip=1,882,882,883 | E=(0,2,0,0) | ep=5
0,1,0 | 12,55,12 | S= | I=(0,0);(0,1);(2,2);(2,3) | sp= | ip=1,882,883,1 | E=(0,2,0,0) | ep=2
0,1,0 | 12,55,12 | S= | I=(0,0);(0,1);(2,2);(2,3) | sp= | ip=1,882,883,1 | E=(0,2,0,0) | ep=3
0,1,0 | 12,55,12 | S= | I=(0,0);(0,1);(2,2);(2,3) | sp= | ip=1,882,883,1 | E=(0,2,0,0) | ep=5
0,1,0 | 12,55,12 | S= | I=(0,0);(0,1);(2,2);(2,3) | sp= | ip=1,882,883,882 | E=(0,2,0,0) | ep=2
0,1,0 | 12,55,12 | S= | I=(0,0);(0,1);(2,2);(2,3) | sp= | ip=1,882,883,882 | E=(0,2,0,0) | ep=3
0,1,0 | 12,55,12 | S= | I=(0,0);(0,1);(2,2);(2,3) | sp= | ip=1,882,883,882 | E=(0,2,0,0) | ep=5
0,1,0 | 12,55,12 | S= | I=(0,0);(0,1);(2,2);(2,3) | sp= | ip=1,882,883,883 | E=(0,2,0,0) | ep=2
0,1,0 | 12,55,12 | S= | I=(0,0);(0,1);(2,2);(2,3) | sp= | ip=1,882,883,883 | E=(0,2,0,0) | ep=3
0,1,0 | 12,55,12 | S= | I=(0,0);(0,1);(2,2);(2,3) | sp= | ip=1,882,883,883 | E=(0,2,0,0) | ep=5
0,1,0 | 12,55,12 | S= | I=(0,0);(0,1);(2,2);(2,3) | sp= | ip=1,883,1,1 | E=(0,2,0,0) | ep=2
0,1,0 | 12,55,12 | S= | I=(0,0);(0,1);(2,2);(2,3) | sp= | ip=1,883,1,1 | E=(0,2,0,0) | ep=3
0,1,0 | 12,55,12 | S= | I=(0,0);(0,1);(2,2);(2,3) | sp= | ip=1,883,1,1 | E=(0,2,0,0) | ep=5
0,1,0 | 12,55,12 | S= | I=(0,0);(0,1);(2,2);(2,3) | sp= | ip=1,883,1,882 | E=(0,2,0,0) | ep=2
0,1,0 | 12,55,12 | S= | I=(0,0);(0,1);(2,2);(2,3) | sp= | ip=1,883,1,882 | E=(0,2,0,0) | ep=3
0,1,0 | 12,55,12 | S= | I=(0,0);(0,1);(2,2);(2,3) | sp= | ip=1,883,1,882 | E=(0,2,0,0) | ep=5
0,1,0 | 12,55,12 | S= | I=(0,0);(0,1);(2,2);(2,3) | sp= | ip=1,883,1,883 | E=(0,2,0,0) | ep=2
0,1,0 | 12,55,12 | S= | I=(0,0);(0,1);(2,2);(2,3) | sp= | ip=1,883,1,883 | E=(0,2,0,0) | ep=3
0,1,0 | 12,55,12 | S= | I=(0,0);(0,1);(2,2);(2,3) | sp= | ip=1,883,1,883 | E=(0,2,0,0) | ep=5
0,1,0 | 12,55,12 | S= | I=(0,0);(0,1);(2,2);(2,3) | sp= | ip=1,883,882,1 | E=(0,2,0,0) | ep=2
0,1,0 | 12,55,12 | S= | I=(0,0);(0,1);(2,2);(2,3) | sp= | ip=1,883,882,1 | E=(0,2,0,0) | ep=3
0,1,0 | 12,55,12 | S= | I=(0,0);(0,1);(2,2);(2,3) | sp= | ip=1,883,882,1 | E=(0,2,0,0) | ep=5
0,1,0 | 12,55,12 | S= | I=(0,0);(0,1);(2,2);(2,3) | sp= | ip=1,883,882,882 | E=(0,2,0,0) | ep=2
0,1,0 | 12,55,12 | S= | I=(0,0);(0,1);(2,2);(2,3) | sp= | ip=1,883,882,882 | E=(0,2,0,0) | ep=3
0,1,0 | 12,55,12 | S= | I=(0,0);(0,1);(2,2);(2,3) | sp= | ip=1,883,882,882 | E=(0,2,0,0) | ep=5
0,1,0 | 12,55,12 | S= | I=(0,0);(0,1);(2,2);(2,3) | sp= | ip=1,883,882,883 | E=(0,2,0,0) | ep=2
0,1,0 | 12,55,12 | S= | I=(0,0);(0,1);(2,2);(2,3) | sp= | ip=1,883,882,883 | E=(0,2,0,0) | ep=3
0,1,0 | 12,55,12 | S= | I=(0,0);(0,1);(2,2);(2,3) | sp= | ip=1,883,882,883 | E=(0,2,0,0) | ep=5
0,1,0 | 12,55,12 | S= | I=(0,0);(0,1);(2,2);(2,3) | sp= | ip=1,883,883,1 | E=(0,2,0,0) | ep=2
0,1,0 | 12,55,12 | S= | I=(0,0);(0,1);(2,2);(2,3) | sp= | ip=1,883,883,1 | E=(0,2,0,0) | ep=3
0,1,0 | 12,55,12 | S= | I=(0,0);(0,1);(2,2);(2,3) | sp= | ip=1,883,883,1 | E=(0,2,0,0) | ep=5
0,1,0 | 12,55,12 | S= | I=(0,0);(0,1);(2,2);(2,3) | sp= | ip=1,883,883,882 | E=(0,2,0,0) | ep=2
0,1,0 | 12,55,12 | S= | I=(0,0);(0,1);(2,2);(2,3) | sp= | ip=1,883,883,882 | E=(0,2,0,0) | ep=3
0,1,0 | 12,55,12 | S= | I=(0,0);(0,1);(2,2);(2,3) | sp= | ip=1,883,883,882 | E=(0,2,0,0) | ep=5
0,1,0 | 12,55,12 | S= | I=(0,0);(0,1);(2,2);(2,3) | sp= | ip=1,883,883,883 | E=(0,2,0,0) | ep=2
0,1,0 | 12,55,12 | S= | I=(0,0);(0,1);(2,2);(2,3) | sp= | ip=1,883,883,883 | E=(0,2,0,0) | ep=3
0,1,0 | 12,55,12 | S= | I=(0,0);(0,1);(2,2);(2,3) | sp= | ip=1,883,883,883 | E=(0,2,0,0) | ep=5
0,1,0 | 12,55,12 | S= | I=(0,0);(0,1);(2,2);(2,3) | sp= | ip=882,1,1,1 | E=(0,2,0,0) | ep=2
0,1,0 | 12,55,12 | S= | I=(0,0);(0,1);(2,2);(2,3) | sp= | ip=882,1,1,1 | E=(0,2,0,0) | ep=3
0,1,0 | 12,55,12 | S= | I=(0,0);(0,1);(2,2);(2,3) | sp= | ip=882,1,1,1 | E=(0,2,0,0) | ep=5
0,1,0 | 12,55,12 | S= | I=(0,0);(0,1);(2,2);(2,3) | sp= | ip=882,1,1,882 | E=(0,2,0,0) | ep=2
0,1,0 | 12,55,12 | S= | I=(0,0);(0,1);(2,2);(2,3) | sp= | ip=882,1,1,882 | E=(0,2,0,0) | ep=3
0,1,0 | 12,55,12 | S= | I=(0,0);(0,1);(2,2);(2,3) | sp= | ip=882,1,1,882 | E=(0,2,0,0) | ep=5
0,1,0 | 12,55,12 | S= | I=(0,0);(0,1);(2,2);(2,3) | sp= | ip=882,1,1,883 | E=(0,2,0,0) | ep=2
0,1,0 | 12,55,12 | S= | I=(0,0);(0,1);(2,2);(2,3) | sp= | ip=882,1,1,883 | E=(0,2,0,0) | ep=3
0,1,0 | 12,55,12 | S= | I=(0,0);(0,1);(2,2);(2,3) | sp= | ip=882,1,1,883 | E=(0,2,0,0) | ep=5
0,1,0 | 12,55,12 | S= | I=(0,0);(0,1);(2,2);(2,3) | sp= | ip=882,1,882,1 | E=(0,2,0,0) | ep=2
0,1,0 | 12,55,12 | S= | I=(0,0);(0,1);(2,2);(2,3) | sp= | ip=882,1,882,1 | E=(0,2,0,0) | ep=3
0,1,0 | 12,55,12 | S= | I=(0,0);(0,1);(2,2);(2,3) | sp= | ip=882,1,882,1 | E=(0,2,0,0) | ep=5
0,1,0 | 12,55,12 | S= | I=(0,0);(0,1);(2,2);(2,3) | sp= | ip=882,1,882,882 | E=(0,2,0,0) | ep=2
0,1,0 | 12,55,12 | S= | I=(0,0);(0,1);(2,2);(2,3) | sp= | ip=882,1,882,882 | E=(0,2,0,0) | ep=3
0,1,0 | 12,55,12 | S= | I=(0,0);(0,1);(2,2);(2,3) | sp= | ip=882,1,882,882 | E=(0,2,0,0) | ep=5
0,1,0 | 12,55,12 | S= | I=(0,0);(0,1);(2,2);(2,3) | sp= | ip=882,1,882,883 | E=(0,2,0,0) | ep=2
0,1,0 | 12,55,12 | S= | I=(0,0);(0,1);(2,2);(2,3) | sp= | ip=882,1,882,883 | E=(0,2,0,0) | ep=3
0,1,0 | 12,55,12 | S= | I=(0,0);(0,1);(2,2);(2,3) | sp= | ip=882,1,882,883 | E=(0,2,0,0) | ep=5
0,1,0 | 12,55,12 | S= | I=(0,0);(0,1);(2,2);(2,3) | sp= | ip=882,1,883,1 | E=(0,2,0,0) | ep=2
0,1,0 | 12,55,12 | S= | I=(0,0);(0,1);(2,2);(2,3) | sp= | ip=882,1,883,1 | E=(0,2,0,0) | ep=3
0,1,0 | 12,55,12 | S= | I=(0,0);(0,1);(2,2);(2,3) | sp= | ip=882,1,883,1 | E=(0,2,0,0) | ep=5
0,1,0 | 12,55,12 | S= | I=(0,0);(0,1);(2,2);(2,3) | sp= | ip=882,1,883,882 | E=(0,2,0,0) | ep=2
0,1,0 | 12,55,12 | S= | I=(0,0);(0,1);(2,2);(2,3) | sp= | ip=882,1,883,882 | E=(0,2,0,0) | ep=3
0,1,0 | 12,55,12 | S= | I=(0,0);(0,1);(2,2);(2,3) | sp= | ip=882,1,883,882 | E=(0,2,0,0) | ep=5
0,1,0 | 12,55,12 | S= | I=(0,0);(0,1);(2,2);(2,3) | sp= | ip=882,1,883,883 | E=(0,2,0,0) | ep=2
0,1,0 | 12,55,12 | S= | I=(0,0);(0,1);(2,2);(2,3) | sp= | ip=882,1,883,883 | E=(0,2,0,0) | ep=3
0,1,0 | 12,55,12 | S= | I=(0,0);(0,1);(2,2);(2,3) | sp= | ip=882,1,883,883 | E=(0,2,0,0) | ep=5
0,1,0 | 12,55,12 | S= | I=(0,0);(0,1);(2,2);(2,3) | sp= | ip=882,882,1,1 | E=(0,2,0,0) | ep=2
0,1,0 | 12,55,12 | S= | I=(0,0);(0,1);(2,2);(2,3) | sp= | ip=882,882,1,1 | E=(0,2,0,0) | ep=3
0,1,0 | 12,55,12 | S= | I=(0,0);(0,1);(2,2);(2,3) | sp= | ip=882,882,1,1 | E=(0,2,0,0) | ep=5
0,1,0 | 12,55,12 | S= | I=(0,0);(0,1);(2,2);(2,3) | sp= | ip=882,882,1,882 | E=(0,2,0,0) | ep=2
0,1,0 | 12,55,12 | S= | I=(0,0);(0,1);(2,2);(2,3) | sp= | ip=882,882,1,882 | E=(0,2,0,0) | ep=3
0,1,0 | 12,55,12 | S= | I=(0,0);(0,1);(2,2);(2,3) | sp= | ip=882,882,1,882 | E=(0,2,0,0) | ep=5
0,1,0 | 12,55,12 | S= | I=(0,0);(0,1);(2,2);(2,3) | sp= | ip=882,882,1,883 | E=(0,2,0,0) | ep=2
0,1,0 | 12,55,12 | S= | I=(0,0);(0,1);(2,2);(2,3) | sp= | ip=882,882,1,883 | E=(0,2,0,0) | ep=3
0,1,0 | 12,55,12 | S= | I=(0,0);(0,1);(2,2);(2,3) | sp= | ip=882,882,1,883 | E=(0,2,0,0) | ep=5
0,1,0 | 12,55,12 | S= | I=(0,0);(0,1);(2,2);(2,3) | sp= | ip=882,882,882,1 | E=(0,2,0,0) | ep=2
0,1,0 | 12,55,12 | S= | I=(0,0);(0,1);(2,2);(2,3) | sp= | ip=882,882,882,1 | E=(0,2,0,0) | ep=3
0,1,0 | 12,55,12 | S= | I=(0,0);(0,1);(2,2);(2,3) | sp= | ip=882,882,882,1 | E=(0,2,0,0) | ep=5
0,1,0 | 12,55,12 | S= | I=(0,0);(0,1);(2,2);(2,3) | sp= | ip=882,882,882,882 | E=(0,2,0,0) | ep=2
0,1,0 | 12,55,12 | S= | I=(0,0);(0,1);(2,2);(2,3) | sp= | ip=882,882,882,882 | E=(0,2,0,0) | ep=3
0,1,0 | 12,55,12 | S= | I=(0,0);(0,1);(2,2);(2,3) | sp= | ip=882,882,882,882 | E=(0,2,0,0) | ep=5
0,1,0 | 12,55,12 | S= | I=(0,0);(0,1);(2,2);(2,3) | sp= | ip=882,882,882,883 | E=(0,2,0,0) | ep=2
0,1,0 | 12,55,12 | S= | I=(0,0);(0,1);(2,2);(2,3) | sp= | ip=882,882,882,883 | E=(0,2,0,0) | ep=3
0,1,0 | 12,55,12 | S= | I=(0,0);(0,1);(2,2);(2,3) | sp= | ip=882,882,882,883 | E=(0,2,0,0) | ep=5
0,1,0 | 12,55,12 | S= | I=(0,0);(0,1);(2,2);(2,3) | sp= | ip=882,882,883,1 | E=(0,2,0,0) | ep=2
0,1,0 | 12,55,12 | S= | I=(0,0);(0,1);(2,2);(2,3) | sp= | ip=882,882,883,1 | E=(0,2,0,0) | ep=3
0,1,0 | 12,55,12 | S= | I=(0,0);(0,1);(2,2);(2,3) | sp= | ip=882,882,883,1 | E=(0,2,0,0) | ep=5
0,1,0 | 12,55,12 | S= | I=(0,0);(0,1);(2,2);(2,3) | sp= | ip=882,882,883,882 | E=(0,2,0,0) | ep=2
0,1,0 | 12,55,12 | S= | I=(0,0);(0,1);(2,2);(2,3) | sp= | ip=882,882,883,882 | E=(0,2,0,0) | ep=3
0,1,0 | 12,55,12 | S= | I=(0,0);(0,1);(2,2);(2,3) | sp= | ip=882,882,883,882 | E=(0,2,0,0) | ep=5
0,1,0 | 12,55,12 | S= | I=(0,0);(0,1);(2,2);(2,3) | sp= | ip=882,882,883,883 | E=(0,2,0,0) | ep=2
0,1,0 | 12,55,12 | S= | I=(0,0);(0,1);(2,2);(2,3) | sp= | ip=882,882,883,883 | E=(0,2,0,0) | ep=3
0,1,0 | 12,55,12 | S= | I=(0,0);(0,1);(2,2);(2,3) | sp= | ip=882,882,883,883 | E=(0,2,0,0) | ep=5
0,1,0 | 12,55,12 | S= | I=(0,0);(0,1);(2,2);(2,3) | sp= | ip=882,883,1,1 | E=(0,2,0,0) | ep=2
0,1,0 | 12,55,12 | S= | I=(0,0);(0,1);(2,2);(2,3) | sp= | ip=882,883,1,1 | E=(0,2,0,0) | ep=3
0,1,0 | 12,55,12 | S= | I=(0,0);(0,1);(2,2);(2,3) | sp= | ip=882,883,1,1 | E=(0,2,0,0) | ep=5
0,1,0 | 12,55,12 | S= | I=(0,0);(0,1);(2,2);(2,3) | sp= | ip=882,883,1,882 | E=(0,2,0,0) | ep=2
0,1,0 | 12,55,12 | S= | I=(0,0);(0,1);(2,2);(2,3) | sp= | ip=882,883,1,882 | E=(0,2,0,0) | ep=3
0,1,0 | 12,55,12 | S= | I=(0,0);(0,1);(2,2);(2,3) | sp= | ip=882,883,1,882 | E=(0,2,0,0) | ep=5
0,1,0 | 12,55,12 | S= | I=(0,0);(0,1);(2,2);(2,3) | sp= | ip=882,883,1,883 | E=(0,2,0,0) | ep=2
0,1,0 | 12,55,12 | S= | I=(0,0);(0,1);(2,2);(2,3) | sp= | ip=882,883,1,883 | E=(0,2,0,0) | ep=3
0,1,0 | 12,55,12 | S= | I=(0,0);(0,1);(2,2);(2,3) | sp= | ip=882,883,1,883 | E=(0,2,0,0) | ep=5
0,1,0 | 12,55,12 | S= | I=(0,0);(0,1);(2,2);(2,3) | sp= | ip=882,883,882,1 | E=(0,2,0,0) | ep=2
0,1,0 | 12,55,12 | S= | I=(0,0);(0,1);(2,2);(2,3) | sp= | ip=882,883,882,1 | E=(0,2,0,0) | ep=3
0,1,0 | 12,55,12 | S= | I=(0,0);(0,1);(2,2);(2,3) | sp= | ip=882,883,882,1 | E=(0,2,0,0) | ep=5
0,1,0 | 12,55,12 | S= | I=(0,0);(0,1);(2,2);(2,3) | sp= | ip=882,883,882,882 | E=(0,2,0,0) | ep=2
0,1,0 | 12,55,12 | S= | I=(0,0);(0,1);(2,2);(2,3) | sp= | ip=882,883,882,882 | E=(0,2,0,0) | ep=3
0,1,0 | 12,55,12 | S= | I=(0,0);(0,1);(2,2);(2,3) | sp= | ip=882,883,882,882 | E=(0,2,0,0) | ep=5
0,1,0 | 12,55,12 | S= | I=(0,0);(0,1);(2,2);(2,3) | sp= | ip=882,883,882,883 | E=(0,2,0,0) | ep=2
0,1,0 | 12,55,12 | S= | I=(0,0);(0,1);(2,2);(2,3) | sp= | ip=882,883,882,883 | E=(0,2,0,0) | ep=3
0,1,0 | 12,55,12 | S= | I=(0,0);(0,1);(2,2);(2,3) | sp= | ip=882,883,882,883 | E=(0,2,0,0) | ep=5
0,1,0 | 12,55,12 | S= | I=(0,0);(0,1);(2,2);(2,3) | sp= | ip=882,883,883,1 | E=(0,2,0,0) | ep=2
0,1,0 | 12,55,12 | S= | I=(0,0);(0,1);(2,2);(2,3) | sp= | ip=882,883,883,1 | E=(0,2,0,0) | ep=3
0,1,0 | 12,55,12 | S= | I=(0,0);(0,1);(2,2);(2,3) | sp= | ip=882,883,883,1 | E=(0,2,0,0) | ep=5
0,1,0 | 12,55,12 | S= | I=(0,0);(0,1);(2,2);(2,3) | sp= | ip=882,883,883,882 | E=(0,2,0,0) | ep=2
0,1,0 | 12,55,12 | S= | I=(0,0);(0,1);(2,2);(2,3) | sp= | ip=882,883,883,882 | E=(0,2,0,0) | ep=3
0,1,0 | 12,55,12 | S= | I=(0,0);(0,1);(2,2);(2,3) | sp= | ip=882,883,883,882 | E=(0,2,0,0) | ep=5
0,1,0 | 12,55,12 | S= | I=(0,0);(0,1);(2,2);(2,3) | sp= | ip=882,883,883,883 | E=(0,2,0,0) | ep=3
0,1,0 | 12,55,12 | S= | I=(0,0);(0,1);(2,2);(2,3) | sp= | ip=882,883,883,883 | E=(0,2,0,0) | ep=5
0,1,0 | 12,55,12 | S= | I=(0,0);(0,1);(2,2);(2,3) | sp= | ip=883,1,1,1 | E=(0,2,0,0) | ep=2
0,1,0 | 12,55,12 | S= | I=(0,0);(0,1);(2,2);(2,3) | sp= | ip=883,1,1,1 | E=(0,2,0,0) | ep=3
0,1,0 | 12,55,12 | S= | I=(0,0);(0,1);(2,2);(2,3) | sp= | ip=883,1,1,1 | E=(0,2,0,0) | ep=5
0,1,0 | 12,55,12 | S= | I=(0,0);(0,1);(2,2);(2,3) | sp= | ip=883,1,1,882 | E=(0,2,0,0) | ep=2
0,1,0 | 12,55,12 | S= | I=(0,0);(0,1);(2,2);(2,3) | sp= | ip=883,1,1,882 | E=(0,2,0,0) | ep=3
0,1,0 | 12,55,12 | S= | I=(0,0);(0,1);(2,2);(2,3) | sp= | ip=883,1,1,882 | E=(0,2,0,0) | ep=5
0,1,0 | 12,55,12 | S= | I=(0,0);(0,1);(2,2);(2,3) | sp= | ip=883,1,1,883 | E=(0,2,0,0) | ep=2
0,1,0 | 12,55,12 | S= | I=(0,0);(0,1);(2,2);(2,3) | sp= | ip=883,1,1,883 | E=(0,2,0,0) | ep=3
0,1,0 | 12,55,12 | S= | I=(0,0);(0,1);(2,2);(2,3) | sp= | ip=883,1,1,883 | E=(0,2,0,0) | ep=5
0,1,0 | 12,55,12 | S= | I=(0,0);(0,1);(2,2);(2,3) | sp= | ip=883,1,882,1 | E=(0,2,0,0) | ep=2
0,1,0 | 12,55,12 | S= | I=(0,0);(0,1);(2,2);(2,3) | sp= | ip=883,1,882,1 | E=(0,2,0,0) | ep=3
0,1,0 | 12,55,12 | S= | I=(0,0);(0,1);(2,2);(2,3) | sp= | ip=883,1,882,1 | E=(0,2,0,0) | ep=5
0,1,0 | 12,55,12 | S= | I=(0,0);(0,1);(2,2);(2,3) | sp= | ip=883,1,882,882 | E=(0,2,0,0) | ep=2
0,1,0 | 12,55,12 | S= | I=(0,0);(0,1);(2,2);(2,3) | sp= | ip=883,1,882,882 | E=(0,2,0,0) | ep=3
0,1,0 | 12,55,12 | S= | I=(0,0);(0,1);(2,2);(2,3) | sp= | ip=883,1,882,882 | E=(0,2,0,0) | ep=5
0,1,0 | 12,55,12 | S= | I=(0,0);(0,1);(2,2);(2,3) | sp= | ip=883,1,882,883 | E=(0,2,0,0) | ep=2
0,1,0 | 12,55,12 | S= | I=(0,0);(0,1);(2,2);(2,3) | sp= | ip=883,1,882,883 | E=(0,2,0,0) | ep=3
0,1,0 | 12,55,12 | S= | I=(0,0);(0,1);(2,2);(2,3) | sp= | ip=883,1,882,883 | E=(0,2,0,0) | ep=5
0,1,0 | 12,55,12 | S= | I=(0,0);(0,1);(2,2);(2,3) | sp= | ip=883,1,883,1 | E=(0,2,0,0) | ep=2
0,1,0 | 12,55,12 | S= | I=(0,0);(0,1);(2,2);(2,3) | sp= | ip=883,1,883,1 | E=(0,2,0,0) | ep=3
0,1,0 | 12,55,12 | S= | I=(0,0);(0,1);(2,2);(2,3) | sp= | ip=883,1,883,1 | E=(0,2,0,0) | ep=5
0,1,0 | 12,55,12 | S= | I=(0,0);(0,1);(2,2);(2,3) | sp= | ip=883,1,883,882 | E=(0,2,0,0) | ep=2
0,1,0 | 12,55,12 | S= | I=(0,0);(0,1);(2,2);(2,3) | sp= | ip=883,1,883,882 | E=(0,2,0,0) | ep=3
0,1,0 | 12,55,12 | S= | I=(0,0);(0,1);(2,2);(2,3) | sp= | ip=883,1,883,882 | E=(0,2,0,0) | ep=5
0,1,0 | 12,55,12 | S= | I=(0,0);(0,1);(2,2);(2,3) | sp= | ip=883,1,883,883 | E=(0,2,0,0) | ep=2
0,1,0 | 12,55,12 | S= | I=(0,0);(0,1);(2,2);(2,3) | sp= | ip=883,1,883,883 | E=(0,2,0,0) | ep=3
0,1,0 | 12,55,12 | S= | I=(0,0);(0,1);(2,2);(2,3) | sp= | ip=883,1,883,883 | E=(0,2,0,0) | ep=5
0,1,0 | 12,55,12 | S= | I=(0,0);(0,1);(2,2);(2,3) | sp= | ip=883,882,1,1 | E=(0,2,0,0) | ep=2
0,1,0 | 12,55,12 | S= | I=(0,0);(0,1);(2,2);(2,3) | sp= | ip=883,882,1,1 | E=(0,2,0,0) | ep=3
0,1,0 | 12,55,12 | S= | I=(0,0);(0,1);(2,2);(2,3) | sp= | ip=883,882,1,1 | E=(0,2,0,0) | ep=5
0,1,0 | 12,55,12 | S= | I=(0,0);(0,1);(2,2);(2,3) | sp= | ip=883,882,1,882 | E=(0,2,0,0) | ep=2
0,1,0 | 12,55,12 | S= | I=(0,0);(0,1);(2,2);(2,3) | sp= | ip=883,882,1,882 | E=(0,2,0,0) | ep=3
0,1,0 | 12,55,12 | S= | I=(0,0);(0,1);(2,2);(2,3) | sp= | ip=883,882,1,882 | E=(0,2,0,0) | ep=5
0,1,0 | 12,55,12 | S= | I=(0,0);(0,1);(2,2);(2,3) | sp= | ip=883,882,1,883 | E=(0,2,0,0) | ep=2
0,1,0 | 12,55,12 | S= | I=(0,0);(0,1);(2,2);(2,3) | sp= | ip=883,882,1,883 | E=(0,2,0,0) | ep=3
0,1,0 | 12,55,12 | S= | I=(0,0);(0,1);(2,2);(2,3) | sp= | ip=883,882,1,883 | E=(0,2,0,0) | ep=5
0,1,0 | 12,55,12 | S= | I=(0,0);(0,1);(2,2);(2,3) | sp= | ip=883,882,882,1 | E=(0,2,0,0) | ep=2
0,1,0 | 12,55,12 | S= | I=(0,0);(0,1);(2,2);(2,3) | sp= | ip=883,882,882,1 | E=(0,2,0,0) | ep=3
0,1,0 | 12,55,12 | S= | I=(0,0);(0,1);(2,2);(2,3) | sp= | ip=883,882,882,1 | E=(0,2,0,0) | ep=5
0,1,0 | 12,55,12 | S= | I=(0,0);(0,1);(2,2);(2,3) | sp= | ip=883,882,882,882 | E=(0,2,0,0) | ep=2
0,1,0 | 12,55,12 | S= | I=(0,0);(0,1);(2,2);(2,3) | sp= | ip=883,882,882,882 | E=(0,2,0,0) | ep=3
0,1,0 | 12,55,12 | S= | I=(0,0);(0,1);(2,2);(2,3) | sp= | ip=883,882,882,882 | E=(0,2,0,0) | ep=5
0,1,0 | 12,55,12 | S= | I=(0,0);(0,1);(2,2);(2,3) | sp= | ip=883,882,882,883 | E=(0,2,0,0) | ep=2
0,1,0 | 12,55,12 | S= | I=(0,0);(0,1);(2,2);(2,3) | sp= | ip=883,882,882,883 | E=(0,2,0,0) | ep=3
0,1,0 | 12,55,12 | S= | I=(0,0);(0,1);(2,2);(2,3) | sp= | ip=883,882,882,883 | E=(0,2,0,0) | ep=5
0,1,0 | 12,55,12 | S= | I=(0,0);(0,1);(2,2);(2,3) | sp= | ip=883,882,883,1 | E=(0,2,0,0) | ep=2
0,1,0 | 12,55,12 | S= | I=(0,0);(0,1);(2,2);(2,3) | sp= | ip=883,882,883,1 | E=(0,2,0,0) | ep=3
0,1,0 | 12,55,12 | S= | I=(0,0);(0,1);(2,2);(2,3) | sp= | ip=883,882,883,1 | E=(0,2,0,0) | ep=5
0,1,0 | 12,55,12 | S= | I=(0,0);(0,1);(2,2);(2,3) | sp= | ip=883,882,883,882 | E=(0,2,0,0) | ep=2
0,1,0 | 12,55,12 | S= | I=(0,0);(0,1);(2,2);(2,3) | sp= | ip=883,882,883,882 | E=(0,2,0,0) | ep=3
0,1,0 | 12,55,12 | S= | I=(0,0);(0,1);(2,2);(2,3) | sp= | ip=883,882,883,882 | E=(0,2,0,0) | ep=5
0,1,0 | 12,55,12 | S= | I=(0,0);(0,1);(2,2);(2,3) | sp= | ip=883,882,883,883 | E=(0,2,0,0) | ep=3
0,1,0 | 12,55,12 | S= | I=(0,0);(0,1);(2,2);(2,3) | sp= | ip=883,882,883,883 | E=(0,2,0,0) | ep=5
0,1,0 | 12,55,12 | S= | I=(0,0);(0,1);(2,2);(2,3) | sp= | ip=883,883,1,1 | E=(0,2,0,0) | ep=3
0,1,0 | 12,55,12 | S= | I=(0,0);(0,1);(2,2);(2,3) | sp= | ip=883,883,1,1 | E=(0,2,0,0) | ep=5
0,1,0 | 12,55,12 | S= | I=(0,0);(0,1);(2,2);(2,3) | sp= | ip=883,883,1,882 | E=(0,2,0,0) | ep=3
0,1,0 | 12,55,12 | S= | I=(0,0);(0,1);(2,2);(2,3) | sp= | ip=883,883,1,882 | E=(0,2,0,0) | ep=5
0,1,0 | 12,55,12 | S= | I=(0,0);(0,1);(2,2);(2,3) | sp= | ip=883,883,1,883 | E=(0,2,0,0) | ep=3
0,1,0 | 12,55,12 | S= | I=(0,0);(0,1);(2,2);(2,3) | sp= | ip=883,883,1,883 | E=(0,2,0,0) | ep=5
0,1,0 | 12,55,12 | S= | I=(0,0);(0,1);(2,2);(2,3) | sp= | ip=883,883,882,1 | E=(0,2,0,0) | ep=3
0,1,0 | 12,55,12 | S= | I=(0,0);(0,1);(2,2);(2,3) | sp= | ip=883,883,882,1 | E=(0,2,0,0) | ep=5
0,1,0 | 12,55,12 | S= | I=(0,0);(0,1);(2,2);(2,3) | sp= | ip=883,883,882,882 | E=(0,2,0,0) | ep=3
0,1,0 | 12,55,12 | S= | I=(0,0);(0,1);(2,2);(2,3) | sp= | ip=883,883,882,882 | E=(0,2,0,0) | ep=5
0,1,0 | 12,55,12 | S= | I=(0,0);(0,1);(2,2);(2,3) | sp= | ip=883,883,882,883 | E=(0,2,0,0) | ep=5
0,1,0 | 12,55,12 | S= | I=(0,0);(0,1);(2,2);(2,3) | sp= | ip=883,883,883,1 | E=(0,2,0,0) | ep=3
0,1,0 | 12,55,12 | S= | I=(0,0);(0,1);(2,2);(2,3) | sp= | ip=883,883,883,1 | E=(0,2,0,0) | ep=5
0,1,0 | 12,55,12 | S= | I=(0,0);(0,1);(2,2);(2,3) | sp= | ip=883,883,883,882 | E=(0,2,0,0) | ep=5
