0 | 6 | S= | I=(0,0);(0,1);(0,2);(0,3) | sp= | ip=1,1,1,1
0 | 6 | S= | I=(0,0);(0,1);(0,2);(0,3) | sp= | ip=1,1,1,882
0 | 6 | S= | I=(0,0);(0,1);(0,2);(0,3) | sp= | ip=1,1,882,1
0 | 6 | S= | I=(0,0);(0,1);(0,2);(0,3) | sp= | ip=1,882,1,1
0 | 6 | S= | I=(0,0);(0,1);(0,2);(0,3) | sp= | ip=882,1,1,1
0 | 7 | S= | I=(0,0);(0,1);(0,2);(0,3) | sp= | ip=1,1,1,1
0 | 7 | S= | I=(0,0);(0,1);(0,2);(0,3) | sp= | ip=1,1,1,882
0 | 7 | S= | I=(0,0);(0,1);(0,2);(0,3) | sp= | ip=1,1,1,883
0 | 7 | S= | I=(0,0);(0,1);(0,2);(0,3) | sp= | ip=1,1,882,1
0 | 7 | S= | I=(0,0);(0,1);(0,2);(0,3) | sp= | ip=1,1,882,882
0 | 7 | S= | I=(0,0);(0,1);(0,2);(0,3) | sp= | ip=1,1,883,1
0 | 7 | S= | I=(0,0);(0,1);(0,2);(0,3) | sp= | ip=1,882,1,1
0 | 7 | S= | I=(0,0);(0,1);(0,2);(0,3) | sp= | ip=1,882,1,882
0 | 7 | S= | I=(0,0);(0,1);(0,2);(0,3) | sp= | ip=1,882,882,1
0 | 7 | S= | I=(0,0);(0,1);(0,2);(0,3) | sp= | ip=1,883,1,1
0 | 7 | S= | I=(0,0);(0,1);(0,2);(0,3) | sp= | ip=882,1,1,1
0 | 7 | S= | I=(0,0);(0,1);(0,2);(0,3) | sp= | ip=882,1,1,882
0 | 7 | S= | I=(0,0);(0,1);(0,2);(0,3) | sp= | ip=882,1,882,1
0 | 7 | S= | I=(0,0);(0,1);(0,2);(0,3) | sp= | ip=882,882,1,1
0 | 7 | S= | I=(0,0);(0,1);(0,2);(0,3) | sp= | ip=883,1,1,1
0 | 8 | S= | I=(0,0);(0,1);(0,2);(0,3) | sp= | ip=1,1,1,1
0 | 8 | S= | I=(0,0);(0,1);(0,2);(0,3) | sp= | ip=1,1,1,882
0 | 8 | S= | I=(0,0);(0,1);(0,2);(0,3) | sp= | ip=1,1,1,883
0 | 8 | S= | I=(0,0);(0,1);(0,2);(0,3) | sp= | ip=1,1,882,1
0 | 8 | S= | I=(0,0);(0,1);(0,2);(0,3) | sp= | ip=1,1,882,882
0 | 8 | S= | I=(0,0);(0,1);(0,2);(0,3) | sp= | ip=1,1,882,883
0 | 8 | S= | I=(0,0);(0,1);(0,2);(0,3) | sp= | ip=1,1,883,1
0 | 8 | S= | I=(0,0);(0,1);(0,2);(0,3) | sp= | ip=1,1,883,882
0 | 8 | S= | I=(0,0);(0,1);(0,2);(0,3) | sp= | ip=1,882,1,1
0 | 8 | S= | I=(0,0);(0,1);(0,2);(0,3) | sp= | ip=1,882,1,882
0 | 8 | S= | I=(0,0);(0,1);(0,2);(0,3) | sp= | ip=1,882,1,883
0 | 8 | S= | I=(0,0);(0,1);(0,2);(0,3) | sp= | ip=1,882,882,1
0 | 8 | S= | I=(0,0);(0,1);(0,2);(0,3) | sp= | ip=1,882,882,882
0 | 8 | S= | I=(0,0);(0,1);(0,2);(0,3) | sp= | ip=1,882,883,1
0 | 8 | S= | I=(0,0);(0,1);(0,2);(0,3) | sp= | ip=1,883,1,1
0 | 8 | S= | I=(0,0);(0,1);(0,2);(0,3) | sp= | ip=1,883,1,882
0 | 8 | S= | I=(0,0);(0,1);(0,2);(0,3) | sp= | ip=1,883,882,1
0 | 8 | S= | I=(0,0);(0,1);(0,2);(0,3) | sp= | ip=882,1,1,1
0 | 8 | S= | I=(0,0);(0,1);(0,2);(0,3) | sp= | ip=882,1,1,882
0 | 8 | S= | I=(0,0);(0,1);(0,2);(0,3) | sp= | ip=882,1,1,883
0 | 8 | S= | I=(0,0);(0,1);(0,2);(0,3) | sp= | ip=882,1,882,1
0 | 8 | S= | I=(0,0);(0,1);(0,2);(0,3) | sp= | ip=882,1,882,882
0 | 8 | S= | I=(0,0);(0,1);(0,2);(0,3) | sp= | ip=882,1,883,1
0 | 8 | S= | I=(0,0);(0,1);(0,2);(0,3) | sp= | ip=882,882,1,1
0 | 8 | S= | I=(0,0);(0,1);(0,2);(0,3) | sp= | ip=882,882,1,882
0 | 8 | S= | I=(0,0);(0,1);(0,2);(0,3) | sp= | ip=882,882,882,1
0 | 8 | S= | I=(0,0);(0,1);(0,2);(0,3) | sp= | ip=882,883,1,1
0 | 8 | S= | I=(0,0);(0,1);(0,2);(0,3) | sp= | ip=883,1,1,1
0 | 8 | S= | I=(0,0);(0,1);(0,2);(0,3) | sp= | ip=883,1,1,882
0 | 8 | S= | I=(0,0);(0,1);(0,2);(0,3) | sp= | ip=883,1,882,1
0 | 8 | S= | I=(0,0);(0,1);(0,2);(0,3) | sp= | ip=883,882,1,1
0 | 12 | S= | I=(0,0);(0,1);(0,2);(0,3) | sp= | ip=1,1,1,1
0 | 12 | S= | I=(0,0);(0,1);(0,2);(0,3) | sp= | ip=1,1,1,882
0 | 12 | S= | I=(0,0);(0,1);(0,2);(0,3) | sp= | ip=1,1,1,883
0 | 12 | S= | I=(0,0);(0,1);(0,2);(0,3) | sp= | ip=1,1,882,1
0 | 12 | S= | I=(0,0);(0,1);(0,2);(0,3) | sp= | ip=1,1,882,882
0 | 12 | S= | I=(0,0);(0,1);(0,2);(0,3) | sp= | ip=1,1,882,883
0 | 12 | S= | I=(0,0);(0,1);(0,2);(0,3) | sp= | ip=1,1,883,1
0 | 12 | S= | I=(0,0);(0,1);(0,2);(0,3) | sp= | ip=1,1,883,882
0 | 12 | S= | I=(0,0);(0,1);(0,2);(0,3) | sp= | ip=1,1,883,883
0 | 12 | S= | I=(0,0);(0,1);(0,2);(0,3) | sp= | ip=1,882,1,1
0 | 12 | S= | I=(0,0);(0,1);(0,2);(0,3) | sp= | ip=1,882,1,882
0 | 12 | S= | I=(0,0);(0,1);(0,2);(0,3) | sp= | ip=1,882,1,883
0 | 12 | S= | I=(0,0);(0,1);(0,2);(0,3) | sp= | ip=1,882,882,1
0 | 12 | S= | I=(0,0);(0,1);(0,2);(0,3) | sp= | ip=1,882,882,882
0 | 12 | S= | I=(0,0);(0,1);(0,2);(0,3) | sp= | ip=1,882,882,883
0 | 12 | S= | I=(0,0);(0,1);(0,2);(0,3) | sp= | ip=1,882,883,1
0 | 12 | S= | I=(0,0);(0,1);(0,2);(0,3) | sp= | ip=1,882,883,882
0 | 12 | S= | I=(0,0);(0,1);(0,2);(0,3) | sp= | ip=1,882,883,883
0 | 12 | S= | I=(0,0);(0,1);(0,2);(0,3) | sp= | ip=1,883,1,1
0 | 12 | S= | I=(0,0);(0,1);(0,2);(0,3) | sp= | ip=1,883,1,882
0 | 12 | S= | I=(0,0);(0,1);(0,2);(0,3) | sp= | ip=1,883,1,883
0 | 12 | S= | I=(0,0);(0,1);(0,2);(0,3) | sp= | ip=1,883,882,1
0 | 12 | S= | I=(0,0);(0,1);(0,2);(0,3) | sp= | ip=1,883,882,882
0 | 12 | S= | I=(0,0);(0,1);(0,2);(0,3) | sp= | ip=1,883,882,883
0 | 12 | S= | I=(0,0);(0,1);(0,2);(0,3) | sp= | ip=1,883,883,1
0 | 12 | S= | I=(0,0);(0,1);(0,2);(0,3) | sp= | ip=1,883,883,882
0 | 12 | S= | I=(0,0);(0,1);(0,2);(0,3) | sp= | ip=1,883,883,883
0 | 12 | S= | I=(0,0);(0,1);(0,2);(0,3) | sp= | ip=882,1,1,1
0 | 12 | S= | I=(0,0);(0,1);(0,2);(0,3) | sp= | ip=882,1,1,882
0 | 12 | S= | I=(0,0);(0,1);(0,2);(0,3) | sp= | ip=882,1,1,883
0 | 12 | S= | I=(0,0);(0,1);(0,2);(0,3) | sp= | ip=882,1,882,1
0 | 12 | S= | I=(0,0);(0,1);(0,2);(0,3) | sp= | ip=882,1,882,882
0 | 12 | S= | I=(0,0);(0,1);(0,2);(0,3) | sp= | ip=882,1,882,883
0 | 12 | S= | I=(0,0);(0,1);(0,2);(0,3) | sp= | ip=882,1,883,1
0 | 12 | S= | I=(0,0);(0,1);(0,2);(0,3) | sp= | ip=882,1,883,882
0 | 12 | S= | I=(0,0);(0,1);(0,2);(0,3) | sp= | ip=882,1,883,883
0 | 12 | S= | I=(0,0);(0,1);(0,2);(0,3) | sp= | ip=882,882,1,1
0 | 12 | S= | I=(0,0);(0,1);(0,2);(0,3) | sp= | ip=882,882,1,882
0 | 12 | S= | I=(0,0);(0,1);(0,2);(0,3) | sp= | ip=882,882,1,883
0 | 12 | S= | I=(0,0);(0,1);(0,2);(0,3) | sp= | ip=882,882,882,1
0 | 12 | S= | I=(0,0);(0,1);(0,2);(0,3) | sp= | ip=882,882,882,882
0 | 12 | S= | I=(0,0);(0,1);(0,2);(0,3) | sp= | ip=882,882,882,883
0 | 12 | S= | I=(0,0);(0,1);(0,2);(0,3) | sp= | ip=882,882,883,1
0 | 12 | S= | I=(0,0);(0,1);(0,2);(0,3) | sp= | ip=882,882,883,882
0 | 12 | S= | I=(0,0);(0,1);(0,2);(0,3) | sp= | ip=882,882,883,883
0 | 12 | S= | I=(0,0);(0,1);(0,2);(0,3) | sp= | ip=882,883,1,1
0 | 12 | S= | I=(0,0);(0,1);(0,2);(0,3) | sp= | ip=882,883,1,882
0 | 12 | S= | I=(0,0);(0,1);(0,2);(0,3) | sp= | ip=882,883,1,883
0 | 12 | S= | I=(0,0);(0,1);(0,2);(0,3) | sp= | ip=882,883,882,1
0 | 12 | S= | I=(0,0);(0,1);(0,2);(0,3) | sp= | ip=882,883,882,882
0 | 12 | S= | I=(0,0);(0,1);(0,2);(0,3) | sp= | ip=882,883,882,883
0 | 12 | S= | I=(0,0);(0,1);(0,2);(0,3) | sp= | ip=882,883,883,1
0 | 12 | S= | I=(0,0);(0,1);(0,2);(0,3) | sp= | ip=882,883,883,882
0 | 12 | S= | I=(0,0);(0,1);(0,2);(0,3) | sp= | ip=882,883,883,883
0 | 12 | S= | I=(0,0);(0,1);(0,2);(0,3) | sp= | ip=883,1,1,1
0 | 12 | S= | I=(0,0);(0,1);(0,2);(0,3) | sp= | ip=883,1,1,882
0 | 12 | S= | I=(0,0);(0,1);(0,2);(0,3) | sp= | ip=883,1,1,883
0 | 12 | S= | I=(0,0);(0,1);(0,2);(0,3) | sp= | ip=883,1,882,1
0 | 12 | S= | I=(0,0);(0,1);(0,2);(0,3) | sp= | ip=883,1,882,882
0 | 12 | S= | I=(0,0);(0,1);(0,2);(0,3) | sp= | ip=883,1,882,883
0 | 12 | S= | I=(0,0);(0,1);(0,2);(0,3) | sp= | ip=883,1,883,1
0 | 12 | S= | I=(0,0);(0,1);(0,2);(0,3) | sp= | ip=883,1,883,882
0 | 12 | S= | I=(0,0);(0,1);(0,2);(0,3) | sp= | ip=883,1,883,883
0 | 12 | S= | I=(0,0);(0,1);(0,2);(0,3) | sp= | ip=883,882,1,1
0 | 12 | S= | I=(0,0);(0,1);(0,2);(0,3) | sp= | ip=883,882,1,882
0 | 12 | S= | I=(0,0);(0,1);(0,2);(0,3) | sp= | ip=883,882,1,883
0 | 12 | S= | I=(0,0);(0,1);(0,2);(0,3) | sp= | ip=883,882,882,1
0 | 12 | S= | I=(0,0);(0,1);(0,2);(0,3) | sp= | ip=883,882,882,882
0 | 12 | S= | I=(0,0);(0,1);(0,2);(0,3) | sp= | ip=883,882,882,883
0 | 12 | S= | I=(0,0);(0,1);(0,2);(0,3) | sp= | ip=883,882,883,1
0 | 12 | S= | I=(0,0);(0,1);(0,2);(0,3) | sp= | ip=883,882,883,882
0 | 12 | S= | I=(0,0);(0,1);(0,2);(0,3) | sp= | ip=883,882,883,883
0 | 12 | S= | I=(0,0);(0,1);(0,2);(0,3) | sp= | ip=883,883,1,1
0 | 12 | S= | I=(0,0);(0,1);(0,2);(0,3) | sp= | ip=883,883,1,882
0 | 12 | S= | I=(0,0);(0,1);(0,2);(0,3) | sp= | ip=883,883,1,883
0 | 12 | S= | I=(0,0);(0,1);(0,2);(0,3) | sp= | ip=883,883,882,1
0 | 12 | S= | I=(0,0);(0,1);(0,2);(0,3) | sp= | ip=883,883,882,882
0 | 12 | S= | I=(0,0);(0,1);(0,2);(0,3) | sp= | ip=883,883,882,883
0 | 12 | S= | I=(0,0);(0,1);(0,2);(0,3) | sp= | ip=883,883,883,1
0 | 12 | S= | I=(0,0);(0,1);(0,2);(0,3) | sp= | ip=883,883,883,882
